-1.737093292223303997e-01 -9.846876642208913788e-01 1.467218021743384691e-02 1.859220000000000039e-01 9.845428350441046694e-01 -1.733067787413230532e-01 2.530150994748967680e-02 8.717909999999999826e-01 -2.237129644085963237e-02 1.884049822884090175e-02 9.995721888498320107e-01 7.752700000000000147e-01
-1.748802063800207751e-01 -9.844687126049841419e-01 1.543591002716627157e-02 8.243100000000000427e-02 9.843672568097326936e-01 -1.744859577742587931e-01 2.399487988054523069e-02 1.456369000000000025e+00 -2.092885895990420630e-02 1.939083395537705840e-02 9.995929063479549459e-01 7.707300000000000262e-01
-1.765807334672447881e-01 -9.841607608300753096e-01 1.571118743242723437e-02 -1.719199999999999895e-02 9.840885883568657455e-01 -1.762029942648152270e-01 2.285071285331050084e-02 1.985884999999999900e+00 -1.972041667817422961e-02 1.949619589767442179e-02 9.996154278078939193e-01 7.726380000000000470e-01
-1.784413139690517180e-01 -9.837855166532144535e-01 1.802095148338632088e-02 -1.148129999999999984e-01 9.837888178180905774e-01 -1.780499930133454534e-01 2.139537155628733894e-02 2.514403000000000166e+00 -1.783982637477885339e-02 2.154662876915778430e-02 9.996086651203068829e-01 7.732529999999999681e-01
-1.799901462486472870e-01 -9.834449181806919071e-01 2.096759781096682249e-02 -2.212469999999999992e-01 9.835450794987357082e-01 -1.795891548186169251e-01 1.966753836554351736e-02 3.100811000000000206e+00 -1.557638748926934956e-02 2.416254076264994638e-02 9.995866884751304360e-01 7.706760000000000277e-01
-1.812696419032331363e-01 -9.831813673454756763e-01 2.226467670894972939e-02 -3.231260000000000243e-01 9.833248808394974283e-01 -1.808668039509895298e-01 1.895726643116147150e-02 3.641328999999999816e+00 -1.461149021357205195e-02 2.532978746919875915e-02 9.995723616729825789e-01 7.699179999999999913e-01
-1.827026991426154989e-01 -9.829137039619284533e-01 2.236904758467351054e-02 -4.392719999999999958e-01 9.830485007840858991e-01 -1.822781342628534418e-01 1.975669192486581224e-02 4.242676000000000336e+00 -1.534173497893329650e-02 2.559945963288327506e-02 9.995545502044100861e-01 7.725149999999999517e-01
-1.837850316534065387e-01 -9.827046834602456427e-01 2.268407471012231363e-02 -5.479939999999999811e-01 9.828500986315310550e-01 -1.833592618755502945e-01 1.962306562295384679e-02 4.794033999999999907e+00 -1.512434329634662622e-02 2.590147080286018741e-02 9.995500828123136117e-01 7.798770000000000424e-01
-1.849519173892787416e-01 -9.824891729068865320e-01 2.253471488107510953e-02 -6.689969999999999528e-01 9.826686689361028293e-01 -1.845978793681324337e-01 1.690887412384881050e-02 5.408472999999999864e+00 -1.245292517351491088e-02 2.527148696714046766e-02 9.996030595196737645e-01 7.845839999999999481e-01
-1.859557072519073539e-01 -9.823211572900588662e-01 2.157820383542066386e-02 -7.836819999999999897e-01 9.825196798174405943e-01 -1.857093047575213429e-01 1.292798893535571092e-02 5.973158999999999885e+00 -8.692163820219648424e-03 2.360504324923187736e-02 9.996835740479705912e-01 7.883529999999999704e-01
-1.870300405738100080e-01 -9.821338741454120891e-01 2.080425867660041367e-02 -8.998359999999999692e-01 9.823416726559902612e-01 -1.868787796790214450e-01 9.008877239194024167e-03 6.548544999999999838e+00 -4.960049031020269047e-03 2.212182094231048349e-02 9.997429784458634616e-01 7.884799999999999587e-01
-1.882583181328374433e-01 -9.819280081480208366e-01 1.939568169092109606e-02 -1.031217999999999968e+00 9.821104091558983118e-01 -1.881346577751914495e-01 8.030863679918275391e-03 7.196285999999999738e+00 -4.236730039692450031e-03 2.056057777086358479e-02 9.997796320991436669e-01 7.891040000000000276e-01
-1.894380239448657521e-01 -9.817627540614088932e-01 1.597278377808182895e-02 -1.156293999999999933e+00 9.818385854641560329e-01 -1.892317681665964813e-01 1.357681885744285895e-02 7.804941000000000351e+00 -1.030665695600681622e-02 1.825466116640805936e-02 9.997802459381216478e-01 7.901280000000000525e-01
-1.904915558818742749e-01 -9.816024042588047394e-01 1.302639977263091858e-02 -1.296459000000000028e+00 9.814560096006423873e-01 -1.901406305445672018e-01 2.430312397404662747e-02 8.493169999999999220e+00 -2.137915705743032024e-02 1.741437823891528111e-02 9.996197632470387173e-01 7.920260000000000078e-01
-1.912942604841544325e-01 -9.814730891866468854e-01 1.082040240658043925e-02 -1.425654999999999895e+00 9.811232626692693026e-01 -1.908844424286477715e-01 3.098827339352635060e-02 9.129488999999999521e+00 -2.834870993587098806e-02 1.654402735503403624e-02 9.994611777372083283e-01 7.941470000000000473e-01
-1.925158088039390369e-01 -9.812570939450752094e-01 8.495819150098721587e-03 -1.558890000000000109e+00 9.808719585211428393e-01 -1.921719676097235485e-01 3.098605899279414932e-02 9.771207000000000420e+00 -2.877263191754900890e-02 1.429861697764309852e-02 9.994837093245011461e-01 7.934550000000000214e-01
-1.932462305027767835e-01 -9.811208224793859234e-01 7.604347035784868140e-03 -1.709513999999999978e+00 9.809254043980679683e-01 -1.930302018605073444e-01 2.290616022336489088e-02 1.048512000000000022e+01 -2.100584211485745367e-02 1.188582630971843357e-02 9.997086984366900797e-01 7.813909999999999467e-01
-1.939905992058617024e-01 -9.809576831999273772e-01 9.469487355784254878e-03 -1.844997999999999916e+00 9.809048039546020004e-01 -1.938252225842655996e-01 1.604832293242242081e-02 1.115063899999999997e+01 -1.390730018853958763e-02 1.240188942018593914e-02 9.998263749973168579e-01 7.645520000000000094e-01
-1.953429977034245590e-01 -9.806665885224818968e-01 1.158254738463893041e-02 -1.993595999999999924e+00 9.806251925336662012e-01 -1.951307941587574479e-01 1.726861138838384560e-02 1.191109200000000001e+01 -1.467463854922083227e-02 1.473144007387425583e-02 9.997837964564136870e-01 7.484199999999999742e-01
-1.959231358572771642e-01 -9.805612563547477789e-01 1.066524129356057407e-02 -2.129201000000000121e+00 9.803225430323395662e-01 -1.955847408644789676e-01 2.672677989548177813e-02 1.262760199999999955e+01 -2.412128641797224235e-02 1.569177099544683679e-02 9.995858801846735364e-01 7.353100000000000191e-01
-1.965153976548624781e-01 -9.804540152868377323e-01 9.571958653738102049e-03 -2.283697999999999784e+00 9.799684524043728029e-01 -1.960777248301809328e-01 3.486198671330431598e-02 1.343226800000000054e+01 -3.230372697894207806e-02 1.623113469038589204e-02 9.993462960805590267e-01 7.186379999999999990e-01
-1.969911246877492639e-01 -9.803550240684769657e-01 9.925904389614596812e-03 -2.428460999999999981e+00 9.797812057956117870e-01 -1.964944632612194431e-01 3.766582904148846334e-02 1.417479299999999931e+01 -3.497549948110805634e-02 1.714504859664783831e-02 9.992410929023414212e-01 7.011220000000000230e-01
-1.972271315181004514e-01 -9.802825001382333703e-01 1.215230496147023942e-02 -2.572967999999999922e+00 9.797648855475757923e-01 -1.966616441276365368e-01 3.721514176999079354e-02 1.492985099999999932e+01 -3.409145994362219878e-02 1.924623734004885650e-02 9.992333835031548261e-01 6.789800000000000280e-01
-1.968600193447092028e-01 -9.803394539920786688e-01 1.344201361829330116e-02 -2.739758999999999833e+00 9.799324187971034661e-01 -1.963038434149965150e-01 3.460138221169192091e-02 1.577923599999999915e+01 -3.128238120827357693e-02 1.998389369002509172e-02 9.993107908048056709e-01 6.524499999999999744e-01
-1.961896358309581645e-01 -9.804958592559122055e-01 1.172590186411026636e-02 -2.889318999999999971e+00 9.801654929297071162e-01 -1.957537492683831815e-01 3.092048054664344250e-02 1.656218900000000005e+01 -2.802201388873416799e-02 1.755960219884520820e-02 9.994530639846165299e-01 6.288200000000000456e-01
-1.950528763751633310e-01 -9.806706593936372895e-01 1.547362989813497874e-02 -3.049730999999999970e+00 9.805363728412498370e-01 -1.946169345919928073e-01 2.593588836616482138e-02 1.744036499999999990e+01 -2.242313432822058000e-02 2.023132656217075873e-02 9.995438441971584709e-01 6.073030000000000372e-01
-1.943355694073539697e-01 -9.807457690053462684e-01 1.927233875874281854e-02 -3.192541999999999991e+00 9.807966895175965760e-01 -1.939405983894123553e-01 2.061305721333379221e-02 1.825147099999999867e+01 -1.647847973700820867e-02 2.290809626461620674e-02 9.996017601180422485e-01 5.934080000000000465e-01
-1.930005853494259904e-01 -9.809988107582738870e-01 1.980170057422170685e-02 -3.364704000000000139e+00 9.811436992157391845e-01 -1.927369093924357069e-01 1.447498694669080432e-02 1.916472100000000012e+01 -1.038342641105530553e-02 2.222199470579094144e-02 9.996991384447933005e-01 5.785130000000000550e-01
-1.927495532695616687e-01 -9.810682900636982229e-01 1.877817738427807470e-02 -3.523182999999999954e+00 9.812020895113175989e-01 -1.925201506573629429e-01 1.335856015782988307e-02 2.001295999999999964e+01 -9.490482232663308496e-03 2.100004338941409074e-02 9.997344291983918385e-01 5.711519999999999930e-01
-1.930221030146617167e-01 -9.810234343125632250e-01 1.831636092080647649e-02 -3.686230999999999813e+00 9.811423980602502759e-01 -1.927860349526583361e-01 1.389746220768042079e-02 2.088063599999999909e+01 -1.010259750652360046e-02 2.065347565947037861e-02 9.997356507931508540e-01 5.684230000000000116e-01
-1.929516871716444593e-01 -9.810574631709595428e-01 1.720175497376342025e-02 -3.868129000000000151e+00 9.811660658961668391e-01 -1.927511609663297154e-01 1.265468608741071241e-02 2.185066000000000130e+01 -9.099315988288753099e-03 1.931952128531070831e-02 9.997719532702703527e-01 5.676189999999999847e-01
-1.927584823225937383e-01 -9.811305076406153791e-01 1.506965392961448144e-02 -4.040704999999999991e+00 9.812213836996821481e-01 -1.926215747377123533e-01 1.007596725107141010e-02 2.274622300000000052e+01 -6.983098393339207642e-03 1.672889483594036317e-02 9.998356767061260530e-01 5.669260000000000410e-01
-1.927760150259492100e-01 -9.811742384624022595e-01 1.159835369525101870e-02 -4.229261000000000159e+00 9.812237877909550932e-01 -1.926852593709776906e-01 8.501123120502031283e-03 2.375325399999999831e+01 -6.106251213787921434e-03 1.301939318340876797e-02 9.998965992027625260e-01 5.661190000000000389e-01
-1.926981750315605035e-01 -9.812083079973106248e-01 9.882795989023402880e-03 -4.405890999999999558e+00 9.812380125922013363e-01 -1.926200551018796281e-01 8.335287436876056416e-03 2.467344999999999899e+01 -6.275028574642070242e-03 1.130356977257301540e-02 9.999164231708488337e-01 5.668250000000000233e-01
-1.929366091065199962e-01 -9.811698859227928615e-01 9.006654469390763459e-03 -4.601553000000000004e+00 9.811904554869717021e-01 -1.928646762378710688e-01 8.276878694874137063e-03 2.569153199999999870e+01 -6.383958626621026242e-03 1.043415631061031003e-02 9.999251839284473142e-01 5.676369999999999472e-01
-1.931117039665865009e-01 -9.811355518446296387e-01 8.994370331248703609e-03 -4.780832000000000193e+00 9.811567275555002077e-01 -1.930410401437038237e-01 8.162891204662049704e-03 2.662470199999999920e+01 -6.272620162551855241e-03 1.040123679045640639e-02 9.999262315338692808e-01 5.686870000000000536e-01
-1.934757135168148068e-01 -9.810718556788031730e-01 8.072315288022206825e-03 -4.962870999999999810e+00 9.810775614824420732e-01 -1.934021341198903787e-01 9.079255120186001393e-03 2.756470699999999852e+01 -7.346198664950042909e-03 9.676182760869442290e-03 9.999261997029347260e-01 5.711450000000000138e-01
-1.938305678491678563e-01 -9.810099543351280538e-01 7.012878343343542133e-03 -5.165212000000000359e+00 9.809905888259273787e-01 -1.937488031472095473e-01 1.090256455993822426e-02 2.860820599999999914e+01 -9.336787575440985698e-03 8.992817935066219071e-03 9.999159732814341117e-01 5.730210000000000026e-01
-1.941862275980419383e-01 -9.809453368411719110e-01 6.160774367026605226e-03 -5.351194999999999702e+00 9.809074207159366177e-01 -1.941032054291297326e-01 1.202404368528875792e-02 2.956391100000000094e+01 -1.059910353049306475e-02 8.378052977693204589e-03 9.999087294511698198e-01 5.743300000000000072e-01
-1.942251281788653916e-01 -9.809360920599479172e-01 6.401787098979473851e-03 -5.556066999999999645e+00 9.809080112428980591e-01 -1.941460882828746071e-01 1.125921329226779385e-02 3.062165800000000004e+01 -9.801686763299953184e-03 8.466386396544293286e-03 9.999161201010705602e-01 5.749859999999999971e-01
-1.943730936741505655e-01 -9.809117910202614921e-01 5.581997219862968110e-03 -5.745739999999999625e+00 9.808894671943032550e-01 -1.943121519458849145e-01 9.931805144848452824e-03 3.158974100000000007e+01 -8.657574880750024474e-03 7.405797970644508767e-03 9.999350981706772723e-01 5.740790000000000060e-01
-1.946876022125035854e-01 -9.808490913794390975e-01 5.638925861829745950e-03 -5.936422999999999561e+00 9.808213942544717900e-01 -1.946212758389236352e-01 1.058071658935142052e-02 3.256510500000000263e+01 -9.280631307218291728e-03 7.590713468368333501e-03 9.999281228926309995e-01 5.752589999999999648e-01
-1.954459763722775634e-01 -9.806968733754816148e-01 5.874765649936117620e-03 -6.147253000000000078e+00 9.806392903823007989e-01 -1.953533170589967227e-01 1.355225710148445090e-02 3.364984900000000323e+01 -1.214300120994719380e-02 8.409760139363432752e-03 9.998909057772320530e-01 5.756299999999999750e-01
-1.958240223237944777e-01 -9.806259337500546902e-01 5.072508034903373472e-03 -6.341959000000000124e+00 9.805164271690329780e-01 -1.957151160469755569e-01 1.682644948865239659e-02 3.464333700000000249e+01 -1.550768624280755327e-02 8.268700475465722705e-03 9.998455582037866218e-01 5.748889999999999834e-01
-1.964027949680584584e-01 -9.805132525793629483e-01 4.438878796863611823e-03 -6.558595999999999648e+00 9.803547975493329680e-01 -1.962831070167343483e-01 1.942711563417589410e-02 3.574396899999999988e+01 -1.817726741678210578e-02 8.167215932965063083e-03 9.998014220499804594e-01 5.714169999999999527e-01
-1.969170040047465431e-01 -9.804103258199867721e-01 4.391646541139896699e-03 -6.758339999999999570e+00 9.802399901012888161e-01 -1.967929702768215217e-01 2.005214840987536856e-02 3.674592200000000020e+01 -1.879508818867979200e-02 8.253476550746527418e-03 9.997892901930917064e-01 5.678680000000000394e-01
-1.972803897226158565e-01 -9.803331243143365015e-01 5.235761929691716207e-03 -6.970492000000000132e+00 9.801965929430036528e-01 -1.971537054797730670e-01 1.857567222262733117e-02 3.785574700000000092e+01 -1.717809692079863559e-02 8.796691860383999001e-03 9.998137482543901777e-01 5.557020000000000293e-01
-1.976011648888903460e-01 -9.802692781914082998e-01 5.091352339903001956e-03 -7.158316000000000123e+00 9.801374663661256426e-01 -1.974799261991971866e-01 1.822706157754902870e-02 3.886907599999999974e+01 -1.686198861183618378e-02 8.591913783034994118e-03 9.998209101422110834e-01 5.417710000000000026e-01
-1.981117639923668516e-01 -9.801657932483246460e-01 5.171722509509390532e-03 -7.355357999999999841e+00 9.800207247481075301e-01 -1.979819815105776648e-01 1.903980202994423609e-02 3.988398399999999810e+01 -1.763825478971582650e-02 8.840404008183191595e-03 9.998053506682913483e-01 5.357189999999999452e-01
-1.989451466267326829e-01 -9.799986939281588594e-01 4.836169224814382793e-03 -7.575642000000000209e+00 9.798097777978944656e-01 -1.988020477518545048e-01 2.122604865042512085e-02 4.099912599999999685e+01 -1.984005960950457545e-02 8.961345254623382175e-03 9.997630050796632029e-01 5.327760000000000273e-01
-1.995286268021860820e-01 -9.798822839876262236e-01 4.363096793264818751e-03 -7.778465999999999880e+00 9.796426245435780888e-01 -1.993754236187386120e-01 2.344714554522442720e-02 4.201223800000000352e+01 -2.210554825839807294e-02 8.952652346761232754e-03 9.997155569221445326e-01 5.298110000000000319e-01
-2.000255804392838677e-01 -9.797867559178897734e-01 2.771298941809548916e-03 -8.002973000000000781e+00 9.795310748251241373e-01 -1.999066765762405051e-01 2.358376798094760987e-02 4.312213899999999711e+01 -2.255306236111646184e-02 7.431930310466881157e-03 9.997180231395230710e-01 5.268159999999999510e-01
-2.003360650341347027e-01 -9.797233426207831997e-01 2.762783125475265153e-03 -8.210390000000000299e+00 9.795497219526423383e-01 -2.002452910114308482e-01 1.960014413845830375e-02 4.412325299999999828e+01 -1.864948442021725772e-02 6.632899193175344904e-03 9.998040814975468482e-01 5.159390000000000365e-01
-2.003558805065255299e-01 -9.797209066982661696e-01 2.113320795031514709e-03 -8.442171000000000092e+00 9.796219520771070055e-01 -2.003037036055870246e-01 1.480734042709494144e-02 4.522120999999999924e+01 -1.408375500687182938e-02 5.036993171824390679e-03 9.998881320151236096e-01 5.003579999999999695e-01
-2.005022877304033502e-01 -9.796921146735965147e-01 1.480898798534949559e-03 -8.652081000000000799e+00 9.795991214226998922e-01 -2.004618461250600170e-01 1.416367028730942251e-02 4.622783299999999684e+01 -1.357917238823505221e-02 4.290535457225443973e-03 9.998985935497363142e-01 4.922770000000000201e-01
-2.003472424709891175e-01 -9.797245050396033994e-01 9.363007932187495178e-04 -8.860495000000000232e+00 9.795902284437930652e-01 -2.003037525675283037e-01 1.677471444777071247e-02 4.724020399999999853e+01 -1.624705424710917376e-02 4.277958890770378574e-03 9.998588561872222558e-01 4.848649999999999904e-01
-2.001973351214830776e-01 -9.797555243793174551e-01 -3.734413810391520178e-04 -9.090203000000000699e+00 9.795781074337019945e-01 -2.001683085387413463e-01 1.895731239774485141e-02 4.835343600000000208e+01 -1.864828267865602240e-02 3.429388421818210797e-03 9.998202242644370630e-01 4.741750000000000131e-01
-2.001433899404468919e-01 -9.797655101815552214e-01 1.472590174838668900e-03 -9.294221000000000288e+00 9.795642136436888414e-01 -2.000712685350397591e-01 2.062616918871490457e-02 4.936719500000000238e+01 -1.991418619396012613e-02 5.570688059549863159e-03 9.997861734504911446e-01 4.616979999999999973e-01
-1.998027518853295881e-01 -9.798359873700860367e-01 5.460710009444359053e-04 -9.522114999999999441e+00 9.796289933347676060e-01 -1.997490216864254986e-01 2.067277807228285608e-02 5.047912199999999672e+01 -2.014685476592795871e-02 4.665424932901316574e-03 9.997861461598855914e-01 4.489650000000000030e-01
-1.993387919976388201e-01 -9.799257794127782528e-01 3.084290385292075103e-03 -9.726591000000000875e+00 9.797764102297810140e-01 -1.992505938882309646e-01 1.836809169267662745e-02 5.148821999999999832e+01 -1.738481987727831524e-02 6.683388171127728483e-03 9.998265351351647290e-01 4.334500000000000020e-01
-1.992226846079273583e-01 -9.799514254335558450e-01 2.350686783108093397e-03 -9.934525000000000716e+00 9.798399120454471811e-01 -1.991622263377710311e-01 1.575291601426616339e-02 5.249328200000000066e+01 -1.496892448976863688e-02 5.441634949572346849e-03 9.998731519091285103e-01 4.171750000000000180e-01
-1.990873166342265188e-01 -9.799747242786687185e-01 3.712159793173537732e-03 -1.016192000000000029e+01 9.798974408420719762e-01 -1.990190711245874988e-01 1.387136474410379308e-02 5.360267999999999944e+01 -1.285479624656852421e-02 6.399148666285828929e-03 9.998968972398134536e-01 4.055739999999999901e-01
-1.989976490512439522e-01 -9.799844768353825897e-01 5.510066584004392684e-03 -1.037261099999999914e+01 9.799494111759298187e-01 -1.989271277403446003e-01 1.127605360601463373e-02 5.460401499999999686e+01 -9.954255774643932728e-03 7.643494662707981183e-03 9.999212417892291427e-01 3.969260000000000010e-01
-1.987919536640156970e-01 -9.800115005054512718e-01 7.695325561496534419e-03 -1.059999799999999937e+01 9.800140696083547986e-01 -1.987212434041961684e-01 9.071427096151630023e-03 5.571147899999999709e+01 -7.360878216244681402e-03 9.344854035448090304e-03 9.999292430842002810e-01 3.925409999999999733e-01
-1.986718774514850683e-01 -9.800274730256066658e-01 8.696966422027814156e-03 -1.081056500000000042e+01 9.800221046649821854e-01 -1.985711004046702977e-01 1.123354138716792933e-02 5.671925699999999892e+01 -9.282212986190222989e-03 1.075500809493398768e-02 9.998990800690622516e-01 3.901519999999999988e-01
-1.987543552044238604e-01 -9.800093668793357082e-01 8.851390627309623296e-03 -1.103981800000000035e+01 9.799237107304896721e-01 -1.985761673675536798e-01 1.780524927656544978e-02 5.784152199999999766e+01 -1.569163584401142564e-02 1.221255838785612405e-02 9.998022934471405554e-01 3.824549999999999894e-01
-1.985986725941235598e-01 -9.800405821649923466e-01 8.889575555357073083e-03 -1.125058199999999964e+01 9.798445626052273427e-01 -1.983434371003459651e-01 2.375950530190075807e-02 5.886165600000000353e+01 -2.152209043801430605e-02 1.342900848623551288e-02 9.996781788927148193e-01 3.697429999999999883e-01
-1.984870945814809495e-01 -9.800508430916434754e-01 1.015963778691387348e-02 -1.145721499999999970e+01 9.798345688981273671e-01 -1.981791542257461680e-01 2.548019667485367651e-02 5.988054699999999997e+01 -2.295845980948071213e-02 1.501225451845829284e-02 9.996236998678299512e-01 3.547239999999999838e-01
-1.981622713634088040e-01 -9.800692194802856916e-01 1.400140119410805788e-02 -1.167888499999999929e+01 9.799744525680885721e-01 -1.978179182921576684e-01 2.276276601014014245e-02 6.099617800000000045e+01 -1.953935827937863801e-02 1.823173688546539384e-02 9.996428448441819770e-01 3.313869999999999871e-01
-1.980444396374015925e-01 -9.800559073463384063e-01 1.639568248818554924e-02 -1.187889900000000054e+01 9.800561661463902396e-01 -1.977095524204435240e-01 2.002109088305695575e-02 6.201122699999999810e+01 -1.638020534509102011e-02 2.003375544558913188e-02 9.996651126830419232e-01 3.119509999999999783e-01
-1.980084489641981138e-01 -9.800835930419986575e-01 1.512629461164772746e-02 -1.210473299999999952e+01 9.801223961740390678e-01 -1.977745592991682066e-01 1.566244591624995491e-02 6.312669799999999753e+01 -1.235891001877622089e-02 1.792691674286492343e-02 9.997629133945918900e-01 2.967099999999999738e-01
-1.978473994243705736e-01 -9.800921509407427568e-01 1.660669158387686681e-02 -1.230817200000000078e+01 9.802014500240696648e-01 -1.976771065949387562e-01 1.135248426401798752e-02 6.414330300000000307e+01 -7.843717978427026949e-03 1.852396265926066488e-02 9.997976489748678919e-01 2.834470000000000045e-01
-1.973486591794558764e-01 -9.802371914202154812e-01 1.373154312808740063e-02 -1.251498400000000011e+01 9.803093118665031636e-01 -1.972263370162034013e-01 9.768574870149352232e-03 6.516401700000000119e+01 -6.867298442160600647e-03 1.538897474747867415e-02 9.998579997521286344e-01 2.727260000000000240e-01
-1.964283694284462145e-01 -9.804850142349404996e-01 8.064275813135575455e-03 -1.274787199999999920e+01 9.804583658711462091e-01 -1.963189032439979220e-01 1.266021415123354081e-02 6.629216800000000376e+01 -1.082998046919773569e-02 1.039351190802286114e-02 9.998873368701368669e-01 2.661859999999999782e-01
-1.963514002512516399e-01 -9.805139932967570360e-01 6.199723269650616805e-03 -1.295494000000000057e+01 9.804434390380643016e-01 -1.962436836893541869e-01 1.480133302262893157e-02 6.731705499999999631e+01 -1.329625761584220765e-02 8.984740468158837826e-03 9.998712336956858682e-01 2.587809999999999833e-01
-1.965125300225042393e-01 -9.804768048903444999e-01 6.932576445711531241e-03 -1.317677899999999980e+01 9.804070821559878190e-01 -1.963907104393307623e-01 1.525260999032704463e-02 6.844000200000000689e+01 -1.359333669620615102e-02 9.794076023609063139e-03 9.998596387855184231e-01 2.445430000000000104e-01
-1.963614743458659273e-01 -9.804974609700634058e-01 8.179267936485073998e-03 -1.337711400000000062e+01 9.804248259703913781e-01 -1.962101793265398353e-01 1.639286886347086220e-02 6.946319599999999639e+01 -1.446831067007083374e-02 1.123808524198315756e-02 9.998321726302110690e-01 2.342839999999999923e-01
-1.966834567723341198e-01 -9.804246276277696071e-01 9.119614741556902535e-03 -1.359787299999999988e+01 9.803376352123517323e-01 -1.964978770573133637e-01 1.807499096051997170e-02 7.058766199999999458e+01 -1.592918134554658499e-02 1.249535325302935512e-02 9.997950426606159180e-01 2.218789999999999929e-01
-1.969941504329790760e-01 -9.803505045747034075e-01 1.030499273719845225e-02 -1.380005099999999985e+01 9.802452080295847026e-01 -1.967616657438564509e-01 2.010420425531505434e-02 7.160825300000000482e+01 -1.768153924932149706e-02 1.406183038682532610e-02 9.997447814797268961e-01 2.151490000000000069e-01
-1.976974902205130835e-01 -9.802003256438858170e-01 1.109161702052906956e-02 -1.400503900000000002e+01 9.800658740917347345e-01 -1.974181143251336756e-01 2.229283690139916355e-02 7.262324499999999716e+01 -1.966175987326809066e-02 1.527775323561744204e-02 9.996899546633233324e-01 2.115319999999999978e-01
-1.982788399657786638e-01 -9.800716081984148786e-01 1.204759001616174940e-02 -1.422923899999999975e+01 9.799715283552581369e-01 -1.979969580107572291e-01 2.128399002878900159e-02 7.373542799999999886e+01 -1.847444816183346772e-02 1.602646005388706774e-02 9.997008789349226543e-01 2.048929999999999918e-01
-1.986844932690173815e-01 -9.799827563624184945e-01 1.258051536107416060e-02 -1.443530499999999961e+01 9.799530925596459108e-01 -1.984530663157991759e-01 1.755895363177874952e-02 7.473851799999999912e+01 -1.471082992967225750e-02 1.581700673874288782e-02 9.997666796711155435e-01 1.978209999999999968e-01
-1.993070862801336052e-01 -9.798587283196975584e-01 1.239184789400632307e-02 -1.466320299999999932e+01 9.798596655687952239e-01 -1.991164548708865834e-01 1.508884326443872548e-02 7.584349799999999675e+01 -1.231751395095436429e-02 1.514958531957331933e-02 9.998093662867502118e-01 1.924450000000000049e-01
-1.998340840980525890e-01 -9.797772164365460279e-01 1.014618078619662980e-02 -1.487596600000000002e+01 9.797316216765176167e-01 -1.996568107534942849e-01 1.622058589707342513e-02 7.684584800000000371e+01 -1.386680640210409543e-02 1.318196008175900186e-02 9.998169570519442884e-01 1.934770000000000101e-01
-2.004633591144672211e-01 -9.796641527424330143e-01 8.519946243654177159e-03 -1.508740000000000059e+01 9.795395303847502788e-01 -2.002647173523900426e-01 1.990857597594467010e-02 7.785076100000000565e+01 -1.779747358943923122e-02 1.233656415773578402e-02 9.997655020646667445e-01 1.934079999999999966e-01
-2.011709409272579574e-01 -9.795368904958452472e-01 6.142693559980146739e-03 -1.532053299999999929e+01 9.793040977728109109e-01 -2.009729739266136184e-01 2.394468284344312276e-02 7.895222499999999854e+01 -2.222018478370642661e-02 1.083253935247144306e-02 9.996944130479848978e-01 1.914140000000000008e-01
-2.015692008681373437e-01 -9.794623380345439667e-01 4.835869444600333564e-03 -1.552985999999999933e+01 9.791951822290736462e-01 -2.013914552754020315e-01 2.486517326356016064e-02 7.994960799999999779e+01 -2.338059795539075558e-02 9.747313166225030773e-03 9.996791172797839797e-01 1.821240000000000081e-01
-2.020853284285208940e-01 -9.793527141109052980e-01 5.457233506107223540e-03 -1.575753599999999999e+01 9.791435123468303914e-01 -2.019166089573019018e-01 2.253142819033817495e-02 8.103788000000000125e+01 -2.096430926716131432e-02 9.896685848674759492e-03 9.997312405572627014e-01 1.684940000000000049e-01
-2.026632675486131907e-01 -9.792309308307689530e-01 5.863794916690489439e-03 -1.596307400000000065e+01 9.790459212451549931e-01 -2.024959211292951533e-01 2.155193771390830071e-02 8.202300999999999931e+01 -1.991692947582865761e-02 1.010871061530874311e-02 9.997505338282900444e-01 1.588299999999999990e-01
-2.031830880964199393e-01 -9.791210779458084934e-01 6.208657974192712849e-03 -1.618703800000000115e+01 9.789334682017835076e-01 -2.030055167183224540e-01 2.186378321230551466e-02 8.309557300000000168e+01 -2.014689916662772487e-02 1.052021407410202655e-02 9.997416804103972376e-01 1.452539999999999942e-01
-2.038533170329517308e-01 -9.789736632137040484e-01 7.375084311684885000e-03 -1.638676600000000150e+01 9.787903913790132471e-01 -2.036471727038932089e-01 2.229795492481797398e-02 8.405897500000000377e+01 -2.032719554639563636e-02 1.176417373436264985e-02 9.997241666267583371e-01 1.343320000000000070e-01
-2.044845862171585926e-01 -9.788327346510440341e-01 8.516547138208922785e-03 -1.658514399999999966e+01 9.786278845685812966e-01 -2.042329048529353264e-01 2.400800116953290958e-02 8.501007799999999293e+01 -2.176045827692599591e-02 1.324379669474698429e-02 9.996754894988104656e-01 1.223709999999999937e-01
-2.050159202733036201e-01 -9.787270878215803549e-01 7.858753004079602547e-03 -1.680315999999999832e+01 9.784526885506559246e-01 -2.047444818842811820e-01 2.664645203269525031e-02 8.603669700000000375e+01 -2.447056808666043387e-02 1.315236489099868601e-02 9.996140288107656646e-01 1.117749999999999994e-01
-2.059271270970612910e-01 -9.785318105889359019e-01 8.337505087876367904e-03 -1.699767699999999948e+01 9.782278142428993961e-01 -2.056237908515591295e-01 2.809270505654991659e-02 8.695137800000000539e+01 -2.577521614091343727e-02 1.394102942303275874e-02 9.995705507524296207e-01 1.029980000000000062e-01
-2.080588391885829225e-01 -9.780712128207570411e-01 9.392661328557306427e-03 -1.721087599999999895e+01 9.777775923730033236e-01 -2.077245018684101829e-01 2.831097272744327945e-02 8.793295299999999770e+01 -2.573906153597257593e-02 1.507428190178325064e-02 9.995550343709909136e-01 9.690899999999999515e-02
-2.111188012897310395e-01 -9.774058967229182215e-01 1.032302248642452680e-02 -1.740068600000000032e+01 9.771376943739027432e-01 -2.107659683242000259e-01 2.792190591660505955e-02 8.880537400000000048e+01 -2.511529366024856796e-02 1.598185369819311863e-02 9.995568029765636853e-01 9.158099999999999574e-02
-2.143554303280117423e-01 -9.766999632592077152e-01 1.043701386196757043e-02 -1.759076699999999960e+01 9.764568449286037399e-01 -2.140132856781911119e-01 2.702486901543368208e-02 8.965485400000000027e+01 -2.416152894519047606e-02 1.598422105349440320e-02 9.995802745134299006e-01 8.724600000000000410e-02
-2.175501035429721064e-01 -9.759890420924298704e-01 1.083245881338325972e-02 -1.779553800000000052e+01 9.757555559364811115e-01 -2.171990751018842980e-01 2.693801837506323849e-02 9.056763499999999567e+01 -2.393841071440014345e-02 1.643020055834930326e-02 9.995784116326648094e-01 8.257699999999999763e-02
-2.205551648097839879e-01 -9.753273651616076734e-01 9.589058485835683446e-03 -1.798476000000000141e+01 9.750439350502029257e-01 -2.202138273475973129e-01 2.819920152660546769e-02 9.137487799999999538e+01 -2.539180965477946805e-02 1.556923285966054643e-02 9.995563290733630035e-01 8.687400000000000677e-02
-2.236943565283627811e-01 -9.746233184559967011e-01 8.379855558565517046e-03 -1.818797500000000156e+01 9.743038792411882199e-01 -2.233723260158677615e-01 2.892671543457558253e-02 9.223577899999999374e+01 -2.632082356108457477e-02 1.463526877380766367e-02 9.995464087049609203e-01 8.574299999999999977e-02
-2.264672974671745331e-01 -9.739918470000065165e-01 7.241902749320267008e-03 -1.837303199999999848e+01 9.736226919147529246e-01 -2.261569360180011312e-01 3.019758400303272639e-02 9.299519300000000044e+01 -2.777439408132507948e-02 1.388964608858284967e-02 9.995177140826215778e-01 8.507800000000000085e-02
-2.292824262612138675e-01 -9.733443132436545575e-01 5.515150406737176839e-03 -1.857133699999999976e+01 9.729387943212759460e-01 -2.290128840568551594e-01 3.071158479503784816e-02 9.380197900000000288e+01 -2.862990591029616894e-02 1.240753046336465215e-02 9.995130722883859287e-01 8.042599999999999749e-02
-2.315593175279545557e-01 -9.728146430684947443e-01 3.457267346443663666e-03 -1.875146300000000110e+01 9.723835343911049200e-01 -2.313472365789809304e-01 3.080126900521251709e-02 9.450839200000000062e+01 -2.916409626664801663e-02 1.049411067151180543e-02 9.995195491485715511e-01 8.087400000000000144e-02
-2.340861598181183112e-01 -9.722141566598199169e-01 1.817518044486130663e-03 -1.892585000000000051e+01 9.718038183635164806e-01 -2.339321206401563380e-01 2.954829177616061578e-02 9.518593599999999810e+01 -2.830209171944988653e-02 8.683117126642932865e-03 9.995617014878415141e-01 8.260800000000000087e-02
-2.366762541504904283e-01 -9.715880444888828071e-01 1.011201048769089228e-03 -1.911061899999999980e+01 9.712758296819169468e-01 -2.365735381575599927e-01 2.561686396336089466e-02 9.589863599999999622e+01 -2.464981535420360595e-02 7.045058543549359911e-03 9.996713228622303715e-01 8.478800000000000225e-02
-2.389399717393148048e-01 -9.710342181231736980e-01 -4.869693341905435846e-04 -1.927330399999999955e+01 9.708100477403289741e-01 -2.388955288317484715e-01 2.137235388579144385e-02 9.651738000000000284e+01 -2.086962174155755634e-02 4.633954910900043786e-03 9.997714665613577356e-01 8.465100000000000402e-02
-2.411247787108448115e-01 -9.704919560806544165e-01 -2.050432732645442180e-03 -1.944409599999999827e+01 9.703263836185258562e-01 -2.411218448062399933e-01 1.808217937718922461e-02 9.716756399999999871e+01 -1.804301375711621011e-02 2.370472522613648741e-03 9.998344015458660028e-01 8.961500000000000021e-02
-2.420524995784021360e-01 -9.702573799118310305e-01 -3.347263729718606348e-03 -1.959209999999999852e+01 9.701166932015810040e-01 -2.420744614451242338e-01 1.653954919828425074e-02 9.773214699999999766e+01 -1.685790673473653439e-02 7.562028045964581252e-04 9.998576094313835760e-01 9.694999999999999452e-02
-2.414049615496026702e-01 -9.704074469706799322e-01 -5.747295284000178764e-03 -1.973568200000000061e+01 9.702693205727689341e-01 -2.414680322518548694e-01 1.645098646507176660e-02 9.827372699999999384e+01 -1.735194785871739531e-02 -1.605074535284247220e-03 9.998481552922147131e-01 1.049559999999999937e-01
-2.386089918987920333e-01 -9.710654594302999820e-01 -9.880409225451511346e-03 -1.988801199999999980e+01 9.709250511238675108e-01 -2.387514019885748073e-01 1.738715470124236120e-02 9.884830499999999631e+01 -1.924302692294501196e-02 -5.444405377094456606e-03 9.998000121849032196e-01 1.166750000000000009e-01
-2.337024611226896642e-01 -9.722220732111885866e-01 -1.293831620173056460e-02 -2.001602600000000010e+01 9.720822347796103102e-01 -2.339143141705302131e-01 1.844512000527699994e-02 9.935059400000000096e+01 -2.095921017300883885e-02 -8.266437386726891573e-03 9.997461565426770669e-01 1.250419999999999865e-01
-2.263293994465456205e-01 -9.739473603146614478e-01 -1.419655881786504627e-02 -2.014210699999999932e+01 9.737782510647606804e-01 -2.265868059899176501e-01 2.035527215596787814e-02 9.988088999999999373e+01 -2.304171650337948768e-02 -9.217303694167429742e-03 9.996920128785602433e-01 1.307580000000000131e-01
-2.175098574513115723e-01 -9.759492074969371433e-01 -1.458102525922115242e-02 -2.024491899999999944e+01 9.757207081503875834e-01 -2.178031696327002997e-01 2.304081128031646580e-02 1.003442990000000066e+02 -2.566245502706418144e-02 -9.215404714341743700e-03 9.996281882369738581e-01 1.332639999999999936e-01
-2.054695190149945505e-01 -9.785556447228013210e-01 -1.453020773731290155e-02 -2.034823400000000149e+01 9.782796564494012914e-01 -2.057820854087732965e-01 2.495289766855962599e-02 1.008328630000000032e+02 -2.740785531536639452e-02 -9.087546751407568277e-03 9.995830260468877571e-01 1.422960000000000058e-01
-1.929878078126456842e-01 -9.811014672966610339e-01 -1.398631130814074683e-02 -2.043064100000000138e+01 9.808057966032309727e-01 -1.932950538968433163e-01 2.563223533986506986e-02 1.012559200000000033e+02 -2.785130850016004009e-02 -8.771146296543375423e-03 9.995735948930791759e-01 1.487340000000000051e-01
-1.773744172462343727e-01 -9.840482238424176353e-01 -1.368975014896450099e-02 -2.050870899999999963e+01 9.837618385875414040e-01 -1.776758205596955520e-01 2.537612514349451426e-02 1.017044680000000056e+02 -2.740366846643318977e-02 -8.966378367054524470e-03 9.995842350765444806e-01 1.587270000000000070e-01
-1.605855353690566201e-01 -9.869476735050607408e-01 -1.210684075974934916e-02 -2.056789200000000051e+01 9.867022584453505329e-01 -1.608336045423742755e-01 2.347775178232136550e-02 1.021022260000000017e+02 -2.511849933970238674e-02 -8.175659781057010786e-03 9.996510489055997484e-01 1.629319999999999935e-01
-1.408301315789880492e-01 -9.899725011334776781e-01 -1.101458301397776826e-02 -2.061736900000000006e+01 9.898050529179283075e-01 -1.410280137326335170e-01 1.992627814634351235e-02 1.024929280000000063e+02 -2.127983217937152657e-02 -8.096069549790110148e-03 9.997407776020055259e-01 1.709819999999999951e-01
-1.155626646021020720e-01 -9.932661272328338065e-01 -8.226241058334844355e-03 -2.065509600000000034e+01 9.931593887407685894e-01 -1.156817602843026593e-01 1.587951175534182968e-02 1.029156270000000006e+02 -1.672420718972781467e-02 -6.334889850102340750e-03 9.998400722437874588e-01 1.737720000000000098e-01
-8.980883276556828054e-02 -9.959420017156038751e-01 -5.822609037326425228e-03 -2.067685499999999976e+01 9.958516850082715921e-01 -8.988344811797654987e-02 1.415581931957315444e-02 1.032965549999999979e+02 -1.462173120637789980e-02 -4.527137411034764039e-03 9.998828481394157475e-01 1.820469999999999866e-01
-5.847643755498221907e-02 -9.982840303237173751e-01 -3.082377574773561071e-03 -2.068516899999999836e+01 9.981911224942717764e-01 -5.851362741274590551e-02 1.380718583304074362e-02 1.037071150000000017e+02 -1.396385421379215015e-02 -2.269406891138550826e-03 9.998999252764541046e-01 1.847340000000000093e-01
-2.754919635069352779e-02 -9.996201864738876175e-01 -7.242750451403739964e-04 -2.067897400000000019e+01 9.995351233208413788e-01 -2.755630422211796660e-02 1.304558720825740176e-02 1.040752260000000007e+02 -1.306059066126400402e-02 -3.645429030522092176e-04 9.999146403968944830e-01 1.904160000000000019e-01
1.021754024060583799e-02 -9.999454551681783432e-01 2.165308277477249847e-03 -2.065516300000000172e+01 9.998765033023646609e-01 1.024264574522526505e-02 1.191915902967101426e-02 1.044723209999999938e+02 -1.194068738676168709e-02 2.043256382035772180e-03 9.999266198517213766e-01 1.965119999999999922e-01
4.746963714065821627e-02 -9.988583365942632630e-01 5.353220140826621745e-03 -2.061771200000000093e+01 9.987978837668839427e-01 4.753098526196908313e-02 1.198302227407769573e-02 1.048295669999999973e+02 -1.222378552367495673e-02 4.777955228796993900e-03 9.999138713965832759e-01 2.043889999999999874e-01
9.062759632216743633e-02 -9.958536526921588639e-01 7.882969272490004606e-03 -2.055990399999999951e+01 9.958099774429045592e-01 9.071500586866132476e-02 1.154454569960306452e-02 1.052133869999999973e+02 -1.221178160743767623e-02 6.803685026034943586e-03 9.999022863560412810e-01 2.080700000000000049e-01
1.315819107594135007e-01 -9.912771481366947635e-01 7.471033588668617512e-03 -2.049693100000000001e+01 9.912336640387063857e-01 1.316592690684869060e-01 1.102996576390237460e-02 1.055557249999999954e+02 -1.191738382795675018e-02 5.954196027427049488e-03 9.999112578185946898e-01 2.141039999999999888e-01
1.754506215409962211e-01 -9.844749930066155619e-01 5.105638598868783573e-03 -2.042157699999999920e+01 9.844137889182110746e-01 1.754987708769656374e-01 1.138743203562683423e-02 1.058911509999999936e+02 -1.210667537228050233e-02 3.028129009552907140e-03 9.999221263909163770e-01 2.161309999999999898e-01
2.246943638084981654e-01 -9.744167832028988174e-01 4.937153553355254527e-03 -2.031819899999999990e+01 9.743325476265080054e-01 2.247405665006523279e-01 1.295238991864506098e-02 1.062526399999999995e+02 -1.373060480579754369e-02 1.900100387094333203e-03 9.999039254399324506e-01 2.180189999999999906e-01
2.694841313468393507e-01 -9.629895929759940687e-01 5.417266115734921221e-03 -2.020522100000000165e+01 9.628799670180631098e-01 2.695355115171180760e-01 1.458688268613505395e-02 1.065727920000000069e+02 -1.550716181423873394e-02 1.285243609115555019e-03 9.998789307117798009e-01 2.175850000000000006e-01
3.197585699588849639e-01 -9.474735884735185909e-01 6.946659842131048049e-03 -2.006402999999999892e+01 9.473679858807870779e-01 3.198276876374753774e-01 1.428809114774740735e-02 1.069124829999999946e+02 -1.575932314630583420e-02 2.012303550392723593e-03 9.998737892196151167e-01 2.173539999999999917e-01
3.645330887881013116e-01 -9.311634207441167321e-01 7.093028036143752407e-03 -1.992183299999999946e+01 9.310789469241466110e-01 3.645967368510094619e-01 1.269701036536108676e-02 1.072109679999999940e+02 -1.440908648140386966e-02 1.975688667536556163e-03 9.998942318470791513e-01 2.174689999999999956e-01
