-1.737093292223303997e-01 -9.846876642208913788e-01 1.467218021743384691e-02 1.859220000000000039e-01 9.845428350441046694e-01 -1.733067787413230532e-01 2.530150994748967680e-02 8.717909999999999826e-01 -2.237129644085963237e-02 1.884049822884090175e-02 9.995721888498320107e-01 7.752700000000000147e-01
-1.739421439082010634e-01 -9.846468602938733827e-01 1.465234063337483850e-02 1.837090000000000112e-01 9.845064573876307623e-01 -1.735439771323009639e-01 2.509030416637023433e-02 1.077037999999999940e+00 -2.216226375342165295e-02 1.878958526740799953e-02 9.995778036505225117e-01 7.835849999999999760e-01
-1.750607272409300252e-01 -9.844462056714703424e-01 1.481249192141361262e-02 1.223909999999999998e-01 9.843309923787330051e-01 -1.746778223307055011e-01 2.408642415347524157e-02 1.599104999999999999e+00 -2.112437503395865959e-02 1.879698180154790871e-02 9.996001371821520154e-01 7.969490000000000185e-01
-1.770530155284389950e-01 -9.840510389928259771e-01 1.719832402956957690e-02 -3.168999999999999942e-03 9.840195695531227527e-01 -1.766574858438184625e-01 2.230738514098100020e-02 2.287949999999999928e+00 -1.891339284140439170e-02 2.087307721637715954e-02 9.996032203923443937e-01 7.773130000000000317e-01
-1.793590776704578893e-01 -9.835891262477871599e-01 1.956404825993801957e-02 -1.507989999999999886e-01 9.836450035967223560e-01 -1.789644405416046524e-01 2.035278656190395163e-02 3.008398999999999823e+00 -1.651751059956204845e-02 2.289453534677996643e-02 9.996014266170534235e-01 7.715910000000000268e-01
-1.813133183099742141e-01 -9.831956818912183094e-01 2.125398113032759065e-02 -2.877669999999999950e-01 9.833144354549060440e-01 -1.809258902410921799e-01 1.893523874862796177e-02 3.695219999999999949e+00 -1.477164951605839174e-02 2.433255742684263881e-02 9.995947804083633592e-01 7.684239999999999959e-01
-1.828850513752295903e-01 -9.828853711652962843e-01 2.212250285878611736e-02 -4.117179999999999729e-01 9.830333922350076303e-01 -1.824975828291043323e-01 1.843860115267159303e-02 4.339382999999999768e+00 -1.408572803985405977e-02 2.511930354909489363e-02 9.995852204063421231e-01 7.621269999999999989e-01
-1.841363318016272510e-01 -9.826439682948304721e-01 2.246425793185502506e-02 -5.265530000000000488e-01 9.827963672797042083e-01 -1.837356721134587589e-01 1.877507003534214375e-02 4.935548999999999964e+00 -1.432172379490248386e-02 2.553496361468796105e-02 9.995713350535513353e-01 7.478420000000000067e-01
-1.853446474940260158e-01 -9.824156139786394126e-01 2.251495183846103504e-02 -6.499949999999999894e-01 9.825755663558036757e-01 -1.849539163323853375e-01 1.836587144365023350e-02 5.511715999999999838e+00 -1.387869035200799822e-02 2.552665752279344863e-02 9.995777967271117781e-01 7.476920000000000233e-01
-1.864104898978576896e-01 -9.822292821293860943e-01 2.183498531329236547e-02 -7.706730000000000524e-01 9.824038769992728959e-01 -1.860899201591807994e-01 1.591113044215577976e-02 6.090703000000000422e+00 -1.156510755843822950e-02 2.441677584655158051e-02 9.996349680480475230e-01 7.658779999999999477e-01
-1.874179610681988573e-01 -9.820558077929477658e-01 2.099757722166836413e-02 -8.968420000000000281e-01 9.822492297029283836e-01 -1.871993080906538820e-01 1.195281550029680950e-02 6.671363999999999628e+00 -7.807599954067660948e-03 2.286502636170149871e-02 9.997080733656380502e-01 7.755060000000000286e-01
-1.886967746037317983e-01 -9.818373968459973566e-01 1.971936633932349150e-02 -1.025296999999999903e+00 9.820227253018450897e-01 -1.885542728875297946e-01 8.868662051981227729e-03 7.254354000000000191e+00 -4.989413280710161547e-03 2.103835379802728930e-02 9.997662193856038382e-01 7.726180000000000270e-01
-1.901112926921652013e-01 -9.816107961641397095e-01 1.726097462245416297e-02 -1.153753999999999946e+00 9.817408081001334219e-01 -1.899607015977704538e-01 9.995877119062357430e-03 7.862587000000000437e+00 -6.533154047659001096e-03 1.884613229514103122e-02 9.998010508074611780e-01 7.562999999999999723e-01
-1.916972381249981705e-01 -9.813474004924968019e-01 1.447233367035310504e-02 -1.282542999999999989e+00 9.813539884444623107e-01 -1.914462221123102159e-01 1.710828463257499030e-02 8.489784000000000219e+00 -1.401849704472530982e-02 1.748209328262109383e-02 9.997488975513125764e-01 7.219539999999999846e-01
-1.930609039169272068e-01 -9.811127091319450377e-01 1.205567744071561406e-02 -1.411556000000000033e+00 9.809351136064025090e-01 -1.927185511139535290e-01 2.501725305729986248e-02 9.124954000000000676e+00 -2.222139223301501307e-02 1.665569080867133206e-02 9.996143244726499733e-01 7.038929999999999909e-01
-1.943263667145879170e-01 -9.808834607904693970e-01 1.024204799926370021e-02 -1.539681999999999995e+00 9.805359110467598560e-01 -1.939378113568668294e-01 3.061784567550328989e-02 9.773523000000000849e+00 -2.804621805534699905e-02 1.599255057269118735e-02 9.994786881064406936e-01 7.038210000000000299e-01
-1.953800535588960940e-01 -9.806854689426177663e-01 9.090966731900565131e-03 -1.663820999999999994e+00 9.803387580059484963e-01 -1.950331918883204674e-01 2.996620785497718445e-02 1.043741200000000013e+01 -2.761438434361715433e-02 1.476702633068725443e-02 9.995095700945898498e-01 7.151049999999999907e-01
-1.962951345676274828e-01 -9.805069969223845217e-01 8.616793563976606063e-03 -1.788364999999999982e+00 9.802617754330762434e-01 -1.960197395690175259e-01 2.575098685658276654e-02 1.110881200000000035e+01 -2.355996116020508263e-02 1.350150678782612718e-02 9.996312507843018169e-01 7.149959999999999649e-01
-1.973960244908237183e-01 -9.802842015170829537e-01 8.814407026773399267e-03 -1.921877000000000058e+00 9.801321931318160985e-01 -1.971716843126347651e-01 2.154555387859537208e-02 1.180184399999999911e+01 -1.938281460043611570e-02 1.289229077139547076e-02 9.997290109508831790e-01 7.034030000000000005e-01
-1.983798378358890835e-01 -9.800720789732382254e-01 1.020587856485332887e-02 -2.068327000000000027e+00 9.799603439340303090e-01 -1.981447290080553536e-01 2.040565321230534968e-02 1.253138399999999919e+01 -1.797676992406905747e-02 1.404942644375514749e-02 9.997396907994092752e-01 6.802329999999999766e-01
-1.989852770388881309e-01 -9.799403825052035444e-01 1.103205589691474975e-02 -2.221045000000000158e+00 9.797711678040665895e-01 -1.986811344110136490e-01 2.396383877864264461e-02 1.328623999999999938e+01 -2.129127195855137072e-02 1.557734138768335219e-02 9.996519535186627614e-01 6.529519999999999769e-01
-1.993712667784747206e-01 -9.798575611543435260e-01 1.141305532308434061e-02 -2.373505000000000198e+00 9.795522401376747235e-01 -1.989613073060932935e-01 2.986313842034817034e-02 1.405776799999999938e+01 -2.699086557353930910e-02 1.713353564538824120e-02 9.994888369220935598e-01 6.323849999999999749e-01
-1.995092400519637987e-01 -9.798216269379278476e-01 1.206824422191270403e-02 -2.532093000000000149e+00 9.793579018445930373e-01 -1.989764968529706968e-01 3.558727012115475707e-02 1.484327099999999966e+01 -3.246787994994707743e-02 1.891911955751610433e-02 9.992937024152229730e-01 6.077890000000000237e-01
-1.993910213097304096e-01 -9.798374654239387915e-01 1.271856802688336487e-02 -2.695219999999999949e+00 9.792633085584412367e-01 -1.987655223903759261e-01 3.918723797432335787e-02 1.563088199999999972e+01 -3.586911111580472211e-02 2.026841040813918624e-02 9.991509387511424700e-01 5.885930000000000328e-01
-1.988784140362468422e-01 -9.799406074433986147e-01 1.279774643796001247e-02 -2.865184000000000175e+00 9.793797312766924223e-01 -1.982571971901633257e-01 3.885132850617095679e-02 1.642343500000000134e+01 -3.553474911717984658e-02 2.026054406386502971e-02 9.991630457334854665e-01 5.772829999999999906e-01
-1.980258535502033013e-01 -9.801058320344180341e-01 1.335362639262507520e-02 -3.035045000000000215e+00 9.796886334301750932e-01 -1.974662016050005020e-01 3.488955074816371682e-02 1.723151199999999861e+01 -3.155856228393209839e-02 1.999142905881624854e-02 9.993019563228912050e-01 5.630490000000000217e-01
-1.969936755203303136e-01 -9.802883206772694535e-01 1.510960451929504317e-02 -3.204908000000000090e+00 9.800731132589659556e-01 -1.965028190757913684e-01 2.904022662006559841e-02 1.804523500000000169e+01 -2.549871510230965199e-02 2.052925812116730003e-02 9.994640389174218598e-01 5.543449999999999767e-01
-1.956971747701146125e-01 -9.805076048188297033e-01 1.753432859953510392e-02 -3.376332999999999807e+00 9.804920865532158469e-01 -1.952963703184317223e-01 2.223951319086488881e-02 1.887758600000000087e+01 -1.838162107965182757e-02 2.154448033458285922e-02 9.995988952442859121e-01 5.474649999999999794e-01
-1.944110209887925933e-01 -9.807451070973365326e-01 1.853078041337285695e-02 -3.557418999999999887e+00 9.808402642606852684e-01 -1.941193923678234956e-01 1.643281813248688439e-02 1.974594899999999953e+01 -1.251922214531139485e-02 2.137045650846929046e-02 9.996932392816788582e-01 5.327089999999999881e-01
-1.944324240693355854e-01 -9.807624670897964192e-01 1.734980168354218616e-02 -3.759876999999999914e+00 9.808476791796788552e-01 -1.941798627491582163e-01 1.523191224226869318e-02 2.070666100000000043e+01 -1.156990571958737939e-02 1.997909033600572815e-02 9.997334510913324923e-01 5.204170000000000185e-01
-1.943718300779790908e-01 -9.808039699041537496e-01 1.559372605855100305e-02 -3.964313000000000198e+00 9.808598030278006252e-01 -1.941464272812561953e-01 1.487318318948658083e-02 2.166499299999999906e+01 -1.156021091508985937e-02 1.818618690588535633e-02 9.997677851028322626e-01 5.305130000000000123e-01
-1.943101739630807012e-01 -9.808403215952655740e-01 1.399356378243953036e-02 -4.165464000000000055e+00 9.808754251991950168e-01 -1.941137247890901696e-01 1.425700139592873429e-02 2.261597799999999836e+01 -1.126749904528384291e-02 1.649622324658722716e-02 9.998004391296611004e-01 5.309970000000000523e-01
-1.947401226074456648e-01 -9.807850425243912484e-01 1.170405943530236290e-02 -4.365432000000000201e+00 9.807975580672919635e-01 -1.945858829524020894e-01 1.313332573536121241e-02 2.356729500000000144e+01 -1.060352470049722579e-02 1.403689837756677029e-02 9.998452534006769810e-01 5.134750000000000147e-01
-1.950484654763646741e-01 -9.807496995633134818e-01 9.280243627510030568e-03 -4.565529999999999866e+00 9.807429016169043612e-01 -1.949334407849661055e-01 1.201310083988527989e-02 2.452288100000000171e+01 -9.972815217907989721e-03 1.144466994738842398e-02 9.998847746047665463e-01 4.925260000000000193e-01
-1.954120370189804667e-01 -9.806911253535787187e-01 7.684558596533690687e-03 -4.764533000000000129e+00 9.806734678245058179e-01 -1.953191883492723102e-01 1.140018278972172033e-02 2.547322099999999878e+01 -9.679116341391312550e-03 9.763775668891559040e-03 9.999054872294367291e-01 4.810989999999999989e-01
-1.957303545620876495e-01 -9.806312596918224100e-01 7.208385271936569062e-03 -4.953466999999999842e+00 9.806121541562279331e-01 -1.956450819290157517e-01 1.108174345807008861e-02 2.642938200000000037e+01 -9.456818919764943543e-03 9.237663785715903922e-03 9.999126132536287903e-01 4.777939999999999965e-01
-1.961093706952017346e-01 -9.805566405732777380e-01 7.056157111296776883e-03 -5.153484999999999872e+00 9.805314684148764837e-01 -1.960211090548582558e-01 1.156564970370549568e-02 2.738802700000000101e+01 -9.957618876891066381e-03 9.186916378780737510e-03 9.999082189849985980e-01 4.850149999999999739e-01
-1.961639988042462868e-01 -9.805529182421749423e-01 5.971607813817267352e-03 -5.351282000000000316e+00 9.804971738989981533e-01 -1.960707924756226461e-01 1.347354125903621642e-02 2.835714499999999916e+01 -1.204066232419553906e-02 8.498168316507547990e-03 9.998913958956037185e-01 4.866510000000000002e-01
-1.961744293177116738e-01 -9.805591869585785769e-01 4.390233820802070738e-03 -5.557686999999999600e+00 9.804640886973361447e-01 -1.960859753472460332e-01 1.550680647397537429e-02 2.933707599999999971e+01 -1.434447826769087546e-02 7.346505512853242215e-03 9.998701239660966467e-01 4.814709999999999823e-01
-1.964020405656884405e-01 -9.805124067631777462e-01 4.653884948603947622e-03 -5.770184000000000424e+00 9.804061580834112499e-01 -1.963029223809799051e-01 1.639901999549977715e-02 3.032558099999999968e+01 -1.516587134850914780e-02 7.783498453016689939e-03 9.998546961924379417e-01 4.809809999999999919e-01
-1.967528635954927108e-01 -9.804412218547693403e-01 4.829198163335567118e-03 -5.977209000000000216e+00 9.803437092703941591e-01 -1.966549425273338425e-01 1.590739681833779062e-02 3.131481399999999837e+01 -1.464658188583591383e-02 7.864099916603950122e-03 9.998618072371616705e-01 4.782319999999999904e-01
-1.970417417186171027e-01 -9.803818945179898492e-01 5.088508800358255632e-03 -6.173371000000000386e+00 9.802928624540749869e-01 -1.969435855598912211e-01 1.546376178069749745e-02 3.231993099999999686e+01 -1.415824290263948022e-02 8.035235412316358086e-03 9.998674807942193876e-01 4.639639999999999875e-01
-1.975662673150102577e-01 -9.802778533879155098e-01 4.785412876052002815e-03 -6.379903999999999797e+00 9.801738757154567772e-01 -1.974656183498467721e-01 1.632491760018868823e-02 3.333400699999999972e+01 -1.505800066921863904e-02 7.915789720112937494e-03 9.998552879736911647e-01 4.510959999999999970e-01
-1.980401241029299264e-01 -9.801849356472543962e-01 4.195375487840412483e-03 -6.590893999999999586e+00 9.800351198382520890e-01 -1.979291870535790920e-01 1.884677149891373846e-02 3.437514900000000040e+01 -1.764293424912850503e-02 7.844032285576580527e-03 9.998135816383890706e-01 4.386470000000000091e-01
-1.987626696273828708e-01 -9.800407315145417408e-01 3.683169156683759743e-03 -6.803151999999999866e+00 9.798315921721306720e-01 -1.986385377508157468e-01 2.174355770438502616e-02 3.542193600000000231e+01 -2.057795286276158792e-02 7.930693075553361254e-03 9.997567964076660152e-01 4.240280000000000160e-01
-1.995463664405197068e-01 -9.798821343210999402e-01 3.500068386699885931e-03 -7.018257000000000190e+00 9.796303794126093312e-01 -1.994105909441662439e-01 2.365873942553613912e-02 3.647113399999999928e+01 -2.248482537830428715e-02 8.149788808561694853e-03 9.997139658772818960e-01 4.104709999999999748e-01
-2.001077841973166738e-01 -9.797659631448577544e-01 3.941086965442630249e-03 -7.226048999999999722e+00 9.795119448395374073e-01 -1.999596589672265612e-01 2.392665255269085106e-02 3.752270500000000197e+01 -2.265446137754942996e-02 8.648251183880498530e-03 9.997059483323851303e-01 4.091940000000000022e-01
-2.005422882154010988e-01 -9.796747356877237856e-01 4.494762787884942420e-03 -7.449676000000000187e+00 9.794480559768745653e-01 -2.003907565352565090e-01 2.291397692127281754e-02 3.857835399999999737e+01 -2.154753536839176808e-02 8.997608038578047696e-03 9.997273362117953255e-01 4.106969999999999787e-01
-2.010138920624002790e-01 -9.795805680753594258e-01 3.914824016644799162e-03 -7.673982999999999777e+00 9.793572724947247066e-01 -2.008780545051804811e-01 2.252420986198742231e-02 3.964051800000000014e+01 -2.127787605986049269e-02 8.361690461226492510e-03 9.997386329051267673e-01 3.985090000000000021e-01
-2.014775985840135952e-01 -9.794862719699347631e-01 3.663371569823197643e-03 -7.891030999999999906e+00 9.792417580081439477e-01 -2.013397588845728947e-01 2.340685509465342123e-02 4.070863299999999896e+01 -2.218911088662974679e-02 8.303283371145470104e-03 9.997193100282295575e-01 3.797400000000000220e-01
-2.021260449516499857e-01 -9.793523420324120599e-01 3.748614121740798805e-03 -8.114304999999999879e+00 9.790660085188421791e-01 -2.019702867090177323e-01 2.525379673752512627e-02 4.177652400000000199e+01 -2.397525631117624831e-02 8.774590720218954434e-03 9.996740436974974608e-01 3.623359999999999914e-01
-2.028000829849988529e-01 -9.792120765149396888e-01 3.979390478078305426e-03 -8.342848000000000042e+00 9.788839848504540253e-01 -2.026223078087270313e-01 2.702488818776499491e-02 4.283790199999999970e+01 -2.565678359758513313e-02 9.376011175596303190e-03 9.996268403108540257e-01 3.470840000000000036e-01
-2.034626071690196492e-01 -9.790696073082739703e-01 5.066707926010988530e-03 -8.572825999999999169e+00 9.787514077499349652e-01 -2.032564198574412506e-01 2.706491482078061603e-02 4.389330300000000307e+01 -2.546859461190924268e-02 1.046574564748447081e-02 9.996208375461850260e-01 3.575809999999999822e-01
-2.036341139409764134e-01 -9.790303531495504474e-01 5.719724760877582109e-03 -8.793060000000000542e+00 9.788123124741409109e-01 -2.034538874237078465e-01 2.308620023317583397e-02 4.492736399999999719e+01 -2.143839052957318553e-02 1.029967494865691169e-02 9.997171160420599278e-01 3.644160000000000177e-01
-2.034889387087069901e-01 -9.790673744997381300e-01 4.396363655692503251e-03 -9.013218999999999426e+00 9.789001319099536191e-01 -2.033646707402717579e-01 1.993345031287570984e-02 4.596655299999999755e+01 -1.862212581525380523e-02 8.359837611451342854e-03 9.997916430663096321e-01 3.522950000000000248e-01
-2.033936616066004399e-01 -9.790967129221838094e-01 8.032205390651088461e-04 -9.245748999999999995e+00 9.788907396408849104e-01 -2.033338967282235510e-01 2.069411236649706942e-02 4.701869200000000149e+01 -2.009821543273934349e-02 4.995316435500465196e-03 9.997855312766474878e-01 3.353249999999999842e-01
-2.032750637611683286e-01 -9.791197121684064308e-01 -1.959003866899341334e-03 -9.469082000000000221e+00 9.788711655714522619e-01 -2.032679055478640029e-01 2.221260423659826566e-02 4.807442499999999797e+01 -2.214700127963360743e-02 2.597656143945362844e-03 9.997513503451134209e-01 3.190959999999999908e-01
-2.031395296895702751e-01 -9.791491522988461371e-01 -1.126512295071002007e-03 -9.684829999999999828e+00 9.788531475747658250e-01 -2.031061685461267308e-01 2.438031545091231406e-02 4.914006799999999942e+01 -2.410076680261123011e-02 3.849915708569767725e-03 9.997021212284002978e-01 3.035630000000000273e-01
-2.029897201665478157e-01 -9.791808670841118944e-01 5.516441911783930008e-05 -9.901885000000000048e+00 9.788594948873424739e-01 -2.029216539768297078e-01 2.562989692144942294e-02 5.020848800000000267e+01 -2.508511063565319055e-02 5.256603819415931259e-03 9.996714987137937936e-01 2.970539999999999847e-01
-2.030571723209773083e-01 -9.791592919377429816e-01 3.855616810187220342e-03 -1.012801100000000076e+01 9.788749096845694719e-01 -2.028988968458260711e-01 2.521802626639968459e-02 5.126938200000000023e+01 -2.391016434562810711e-02 8.894867662021575458e-03 9.996745397229240826e-01 2.884539999999999882e-01
-2.027937057355337913e-01 -9.792099994460063961e-01 4.742351632023251995e-03 -1.035150499999999951e+01 9.789763982358379302e-01 -2.026322244280347462e-01 2.335365754079200135e-02 5.233089400000000069e+01 -2.190718172736436792e-02 9.378625075061776048e-03 9.997160180673638763e-01 2.785949999999999815e-01
-2.025149178486139734e-01 -9.792661466470287124e-01 5.051938226980648428e-03 -1.056737500000000018e+01 9.790882445919462107e-01 -2.023708717206099683e-01 2.079037231272242922e-02 5.338530000000000086e+01 -1.933694263916401965e-02 9.156653871394512811e-03 9.997710929704104466e-01 2.742820000000000258e-01
-2.018950517950860446e-01 -9.793902264231101329e-01 5.759552721211234211e-03 -1.078148499999999999e+01 9.792710205848907945e-01 -2.017654493093015144e-01 1.785977904795765445e-02 5.442243599999999759e+01 -1.632961430303016964e-02 9.245964087349217014e-03 9.998239124189868265e-01 2.794869999999999854e-01
-2.015923647680971653e-01 -9.794489443808418461e-01 6.346953478663918194e-03 -1.099652999999999992e+01 9.793712803514174059e-01 -2.014761453820652637e-01 1.546796899433394192e-02 5.545047000000000281e+01 -1.387132618141547792e-02 9.334248402457357222e-03 9.998602192890414520e-01 2.893120000000000136e-01
-2.012013052593800699e-01 -9.795323070770595164e-01 5.873172414846095264e-03 -1.122125400000000006e+01 9.794366845386864862e-01 -2.010832690854522653e-01 1.641035873381917892e-02 5.651382799999999662e+01 -1.489347984142032344e-02 9.054186114740021829e-03 9.998480914479023207e-01 2.841350000000000264e-01
-2.011263919355158469e-01 -9.795559710377862439e-01 4.274818267579589236e-03 -1.143608700000000056e+01 9.793711243061730132e-01 -2.009977213878632041e-01 2.078742100764930170e-02 5.758975600000000128e+01 -1.950321363938847807e-02 8.367532557837040891e-03 9.997747791661029115e-01 2.740389999999999771e-01
-2.011387087705346355e-01 -9.795531849821231818e-01 4.333315762857831502e-03 -1.165038000000000018e+01 9.792420128407971491e-01 -2.009576804932099447e-01 2.647812188002498374e-02 5.866484799999999922e+01 -2.506591553537474565e-02 9.569140095512717811e-03 9.996400009184336355e-01 2.545100000000000140e-01
-2.014266509650366466e-01 -9.794528226446150843e-01 9.973589850488724304e-03 -1.186824400000000068e+01 9.791168169382273856e-01 -2.010505536852276176e-01 3.014852652481662953e-02 5.971683099999999911e+01 -2.752386364163756510e-02 1.583802627728231327e-02 9.994956697524390865e-01 2.445910000000000029e-01
-2.011478737104551717e-01 -9.794404171055166586e-01 1.536236446428249601e-02 -1.208336399999999955e+01 9.791997459256946978e-01 -2.006231673604108590e-01 3.030185303460522853e-02 6.077519999999999811e+01 -2.659681335831443755e-02 2.113797668764090185e-02 9.994227311106825828e-01 2.336229999999999973e-01
-2.004578559889816924e-01 -9.795343697518175130e-01 1.814018873138847215e-02 -1.230529300000000070e+01 9.794096289162459446e-01 -1.999110344192260857e-01 2.814883840545465143e-02 6.183690299999999951e+01 -2.394633079288091548e-02 2.340933130921759447e-02 9.994391309375539878e-01 2.195429999999999882e-01
-2.002327660496713291e-01 -9.795752037504505960e-01 1.841900098705324604e-02 -1.253352100000000036e+01 9.795288226637559603e-01 -1.997545652194077093e-01 2.492788087587077123e-02 6.290363700000000335e+01 -2.073945445410340857e-02 2.303332089102313324e-02 9.995195551652190646e-01 2.182109999999999883e-01
-2.006611806195075509e-01 -9.795176209679570256e-01 1.674278368907618914e-02 -1.277226500000000087e+01 9.795306574349758044e-01 -2.003267825720720374e-01 1.971982072245972301e-02 6.396994000000000113e+01 -1.596188389224556525e-02 2.035707242202618866e-02 9.996653479365056327e-01 2.230419999999999903e-01
-2.001760878672057542e-01 -9.796757979937327221e-01 1.283996384431023915e-02 -1.300238099999999974e+01 9.796597481233573212e-01 -1.999510173201729524e-01 1.692242829819511074e-02 6.503863499999999931e+01 -1.401112961400194715e-02 1.596626123957598647e-02 9.997743579173099526e-01 2.153299999999999936e-01
-1.990406482643924946e-01 -9.799562294339425605e-01 8.283038820409694553e-03 -1.323194600000000065e+01 9.798523876961369172e-01 -1.988630653862615283e-01 1.851430666697183661e-02 6.611044300000000362e+01 -1.649601966140934808e-02 1.180125496671807252e-02 9.997942846988778776e-01 1.940280000000000060e-01
-1.983886649330248719e-01 -9.801058141664595880e-01 5.876279706864382009e-03 -1.346220500000000087e+01 9.799315408593052279e-01 -1.982276279157556553e-01 2.097576601701659979e-02 6.718792700000000195e+01 -1.939362924261199203e-02 9.919706043731314066e-03 9.997627151363498443e-01 1.912629999999999886e-01
-1.982064127225445782e-01 -9.801352497190695123e-01 7.007867992281307558e-03 -1.369976499999999930e+01 9.799442301101496389e-01 -1.980075367772320405e-01 2.241252447268885298e-02 6.826081100000000390e+01 -2.057969459166202053e-02 1.130962588019756784e-02 9.997242462464156487e-01 1.919480000000000075e-01
-1.982599094866410727e-01 -9.801117640244173534e-01 8.598738936270436048e-03 -1.392018200000000050e+01 9.799168553201870191e-01 -1.980141027512019036e-01 2.352385536072671215e-02 6.933657800000000293e+01 -2.135333579899968692e-02 1.308988665274388521e-02 9.996862957536596372e-01 1.876099999999999990e-01
-1.988313169330611085e-01 -9.799867501680915582e-01 9.595670984716316021e-03 -1.413122199999999928e+01 9.797809588998561692e-01 -1.985481432221594122e-01 2.465577823373304306e-02 7.040903500000000292e+01 -2.225713332715503756e-02 1.430399657491552949e-02 9.996499465803228013e-01 1.802950000000000108e-01
-1.992784145871749901e-01 -9.798938981513470869e-01 9.801114496781750812e-03 -1.433998500000000043e+01 9.796461406058981636e-01 -1.989619669352479248e-01 2.660028024712975114e-02 7.148174299999999448e+01 -2.411540328484098120e-02 1.490248566563133481e-02 9.995981008612386809e-01 1.632500000000000062e-01
-1.998558864447040895e-01 -9.797721926986660002e-01 1.020171886742681118e-02 -1.454719599999999957e+01 9.794799581653170772e-01 -1.994982069956563464e-01 2.862650796005723405e-02 7.254798900000000117e+01 -2.601223185100568630e-02 1.571355529365514939e-02 9.995381173192759983e-01 1.475779999999999870e-01
-2.010959695037121131e-01 -9.795058765095288056e-01 1.134235128451981447e-02 -1.475647900000000057e+01 9.792209365877624361e-01 -2.007007495596468960e-01 2.907862573061241462e-02 7.359873199999999827e+01 -2.620626637938410289e-02 1.695426228106799993e-02 9.995127736016972131e-01 1.481069999999999887e-01
-2.018880784322928390e-01 -9.793259157608130705e-01 1.272613476908413671e-02 -1.496738700000000044e+01 9.791349811679416204e-01 -2.015075183337879938e-01 2.625659361403235442e-02 7.464778900000000306e+01 -2.314935075052227537e-02 1.776149695838249304e-02 9.995742277518097074e-01 1.593769999999999909e-01
-2.025232205984089928e-01 -9.791975014679915601e-01 1.251392173903067076e-02 -1.518383099999999963e+01 9.790615753586607850e-01 -2.021937305757908199e-01 2.358234449883362185e-02 7.569532800000000350e+01 -2.056153629146722020e-02 1.702787228889532031e-02 9.996435738755328204e-01 1.504079999999999862e-01
-2.027862023096682620e-01 -9.791770464211215774e-01 9.490411731370655690e-03 -1.542135900000000071e+01 9.789921996650643443e-01 -2.025184478522314979e-01 2.367596406657924285e-02 7.676448800000000006e+01 -2.126097711256987391e-02 1.409219789570346527e-02 9.996746374749572173e-01 1.323050000000000059e-01
-2.031376715679914513e-01 -9.791246667145122595e-01 7.069188152112571358e-03 -1.565182300000000026e+01 9.788448751542077053e-01 -2.028887581384953842e-01 2.643600206843772782e-02 7.782990300000000161e+01 -2.444988290929376445e-02 1.228978649994528355e-02 9.996255120661474702e-01 1.144809999999999994e-01
-2.037862469097648788e-01 -9.790013191282580518e-01 5.251924938830259890e-03 -1.587993099999999913e+01 9.786124693277162834e-01 -2.035455483228691964e-01 2.977993677380932902e-02 7.890211499999999489e+01 -2.808559144369069532e-02 1.120834078145719302e-02 9.995426817551038567e-01 9.824900000000000300e-02
-2.045584576266716859e-01 -9.788424214131896672e-01 4.832334359410661584e-03 -1.609360699999999866e+01 9.783868511096751597e-01 -2.043057122208306042e-01 3.191152659516361539e-02 7.994979100000000471e+01 -3.024908245041275923e-02 1.125566505823206477e-02 9.994790157952316845e-01 8.913100000000000189e-02
-2.050944381847764619e-01 -9.787216214240499479e-01 6.345012431013329762e-03 -1.630627799999999894e+01 9.783014039640398618e-01 -2.048032242345261267e-01 3.133691665003558030e-02 8.098583999999999605e+01 -2.937063887047345126e-02 1.263436188421183937e-02 9.994887385419203296e-01 7.589999999999999525e-02
-2.055037923906022357e-01 -9.786322631675178352e-01 6.861836540062457926e-03 -1.652343400000000173e+01 9.782530001937986830e-01 -2.052127768578584366e-01 3.014604163267137898e-02 8.201888999999999896e+01 -2.809375241779246690e-02 1.290773806323448208e-02 9.995219514213675716e-01 7.581499999999999351e-02
-2.057868077243646399e-01 -9.785738578145173339e-01 6.707799089763632691e-03 -1.674699000000000026e+01 9.782100749308739740e-01 -2.055079450772114846e-01 2.952175153808322960e-02 8.305287900000000434e+01 -2.751070828513564603e-02 1.263682365767292322e-02 9.995416307575663017e-01 6.400999999999999746e-02
-2.061920005524082722e-01 -9.784857421473992511e-01 7.107131801886443570e-03 -1.696516400000000147e+01 9.781234643963671038e-01 -2.059002438057974116e-01 2.965768025255061460e-02 8.407451600000000269e+01 -2.755625710151889812e-02 1.306682880299981850e-02 9.995348471562101045e-01 5.152799999999999742e-02
-2.068161723905166394e-01 -9.783534592845840594e-01 7.181889975802730613e-03 -1.719335200000000086e+01 9.779468926814381957e-01 -2.065007387031776442e-01 3.126211780673589236e-02 8.508413699999999835e+01 -2.910233551549403982e-02 1.348901853102676268e-02 9.994854178258996136e-01 5.119300000000000239e-02
-2.074798334164346114e-01 -9.782087916829110830e-01 7.725192537901203263e-03 -1.741736600000000124e+01 9.777367974300864573e-01 -2.071137038244864614e-01 3.368484287125086962e-02 8.607366899999999532e+01 -3.135081620383303042e-02 1.454213059912423146e-02 9.994026479657693862e-01 3.863500000000000267e-02
-2.082247219375976677e-01 -9.780444172770099698e-01 8.460674162506051643e-03 -1.762941400000000058e+01 9.775048733657762945e-01 -2.077974175491088538e-01 3.611725081009166394e-02 8.704348000000000241e+01 -3.356616928051048970e-02 1.579085473289138300e-02 9.993117437449821061e-01 2.625500000000000056e-02
-2.098192113418045901e-01 -9.776934197214683930e-01 9.564286969931952431e-03 -1.783986700000000170e+01 9.771469643935490890e-01 -2.093411663318236471e-01 3.687934456173745656e-02 8.797477700000000311e+01 -3.405449351223362175e-02 1.708370897000421884e-02 9.992739556094981657e-01 5.114999999999999755e-03
-2.127913549413819050e-01 -9.770495028319231556e-01 9.700942124456888097e-03 -1.802070200000000000e+01 9.765270926220354086e-01 -2.123173711982304646e-01 3.627907472120743548e-02 8.888266000000000133e+01 -3.338677338954705587e-02 1.719310627443589728e-02 9.992946114431274784e-01 6.570000000000000319e-04
-2.160808495146339103e-01 -9.763288828265305197e-01 9.538292915057314941e-03 -1.821210100000000054e+01 9.758329037194540811e-01 -2.156248356106154063e-01 3.544113833321463347e-02 8.977517699999999934e+01 -3.254551415315283525e-02 1.696593135063374433e-02 9.993262463689785990e-01 -7.236000000000000244e-03
-2.197497287757189666e-01 -9.755092962782750954e-01 9.574423098196345461e-03 -1.841054899999999961e+01 9.750259292006889789e-01 -2.192961135115862881e-01 3.512338231217375373e-02 9.067170699999999783e+01 -3.216355218771140695e-02 1.705366451466548000e-02 9.993371195133750051e-01 -2.726400000000000004e-02
-2.234118213335165581e-01 -9.746802748046123899e-01 9.247702160324789908e-03 -1.861771200000000093e+01 9.741624058619371418e-01 -2.229509629100360213e-01 3.606210119737976449e-02 9.152403300000000286e+01 -3.308723460374422137e-02 1.706546349481683281e-02 9.993067621416277246e-01 -3.596099999999999991e-02
-2.264584962160834936e-01 -9.739769241027957936e-01 9.246664631429157150e-03 -1.882655000000000101e+01 9.734215633613514385e-01 -2.259760171840516918e-01 3.721961365698056579e-02 9.236149600000000248e+01 -3.416152038027335525e-02 1.742960047990732564e-02 9.992643291704247366e-01 -5.339499999999999802e-02
-2.295178765524038544e-01 -9.732597149649543367e-01 9.331214776858933954e-03 -1.902552999999999983e+01 9.726506476446671323e-01 -2.290018201924858277e-01 3.884435589552723278e-02 9.318054200000000264e+01 -3.566878157837035518e-02 1.799148617721058052e-02 9.992017035843412387e-01 -6.718399999999999372e-02
-2.318378396398470542e-01 -9.727135577584691273e-01 8.919117893037533523e-03 -1.921527100000000132e+01 9.720490483619022015e-01 -2.313108655122906310e-01 4.019864518457635233e-02 9.398619100000000515e+01 -3.703867829511495180e-02 1.798938711619567365e-02 9.991518994934327491e-01 -8.075599999999999445e-02
-2.342772769347759576e-01 -9.721389132788227361e-01 7.751825662103424552e-03 -1.940841899999999853e+01 9.714249878056622212e-01 -2.337782726993814508e-01 4.100258870440363912e-02 9.476277199999999823e+01 -3.804800361116421337e-02 1.713629197822472833e-02 9.991289691118168115e-01 -8.717400000000000149e-02
-2.364430864521654962e-01 -9.716232479176691861e-01 6.552173295442576331e-03 -1.958979799999999827e+01 9.709247726353857910e-01 -2.360027151478312213e-01 4.009743540148685836e-02 9.546535500000000241e+01 -3.741326973011803447e-02 1.584242875228910122e-02 9.991742914523621399e-01 -9.398600000000000010e-02
-2.390514349949367512e-01 -9.709896669392235058e-01 5.786028354329638898e-03 -1.976454199999999872e+01 9.703972974225985038e-01 -2.386859993836950578e-01 3.685212141957711074e-02 9.613890100000000416e+01 -3.440198514298343363e-02 1.442429878580956705e-02 9.993039792889646389e-01 -1.007890000000000036e-01
-2.414672030142762660e-01 -9.703991226526241798e-01 4.374085444921611485e-03 -1.993279300000000021e+01 9.699184378264699147e-01 -2.411993868452523282e-01 3.287977721540282644e-02 9.678833799999999599e+01 -3.085148023551680802e-02 1.218189396159371531e-02 9.994497424216917114e-01 -1.016819999999999946e-01
-2.437198798651082354e-01 -9.698426723778352798e-01 2.410600248159654874e-03 -2.009552000000000049e+01 9.694598934352922637e-01 -2.435520843426502990e-01 2.880793697547293086e-02 9.740954600000000596e+01 -2.735205986702872460e-02 9.358047198519811247e-03 9.995820585493022659e-01 -1.058179999999999954e-01
-2.450610182777783752e-01 -9.695076487821381317e-01 1.275679755316574959e-04 -2.025659399999999977e+01 9.691678397289058555e-01 -2.449716375132648949e-01 2.650651333682678412e-02 9.799262199999999723e+01 -2.566701688673908230e-02 6.619347928580892118e-03 9.996486325090112590e-01 -1.086609999999999937e-01
-2.444793115981663822e-01 -9.696507464812411659e-01 -2.701119926651575007e-03 -2.039643299999999826e+01 9.693061946953216435e-01 -2.444652014451316191e-01 2.612022602632506699e-02 9.855657999999999674e+01 -2.598782649168118741e-02 3.767642600186117685e-03 9.996551594142230046e-01 -1.173470000000000069e-01
-2.422854237455323023e-01 -9.701913003507565136e-01 -5.158891756635211601e-03 -2.053021800000000141e+01 9.698225256838333141e-01 -2.423357765172083900e-01 2.678880542377032672e-02 9.908619699999999852e+01 -2.724045000874354000e-02 1.487327640585331401e-03 9.996278036048270588e-01 -1.210399999999999948e-01
-2.381151185828340733e-01 -9.712008435161839648e-01 -8.373282255839680291e-03 -2.065596400000000088e+01 9.707982999118612844e-01 -2.382578097580084764e-01 2.799780308446901678e-02 9.957717900000000100e+01 -2.918648986299827996e-02 -1.462067977134145352e-03 9.995729143822912333e-01 -1.225330000000000030e-01
-2.305022558563570856e-01 -9.730263287717865195e-01 -9.406038593882018461e-03 -2.076313800000000143e+01 9.725710602437579455e-01 -2.306829421996816620e-01 2.984816500943906006e-02 1.000467380000000048e+02 -3.121286307698944995e-02 -2.267971560097049172e-03 9.995101867832761888e-01 -1.495930000000000037e-01
-2.213255836427393541e-01 -9.751487633610418371e-01 -9.993765087865062388e-03 -2.087665199999999999e+01 9.746050737040639067e-01 -2.215368516534913512e-01 3.265537734822732130e-02 1.005131449999999944e+02 -3.405783809194225936e-02 -2.512503709369525925e-03 9.994167053784990262e-01 -1.718419999999999948e-01
-2.102438039400912340e-01 -9.776007707117377876e-01 -9.709583338991085999e-03 -2.096630700000000047e+01 9.769843955631034582e-01 -2.104566592353931398e-01 3.477765675940362733e-02 1.009820940000000036e+02 -3.604211052363295864e-02 -2.174324560393944838e-03 9.993479066780038833e-01 -1.621249999999999913e-01
-1.971862977367530023e-01 -9.803267252406848709e-01 -8.779280366147744485e-03 -2.104875799999999941e+01 9.796631412788918691e-01 -1.973760658153386194e-01 3.609457386966907766e-02 1.014266659999999973e+02 -3.711729521997076536e-02 -1.483381991922605447e-03 9.993098148089107902e-01 -1.673250000000000015e-01
-1.824074406321067876e-01 -9.831941533142419809e-01 -7.535415763869774894e-03 -2.111848099999999917e+01 9.825424769823031257e-01 -1.825609329110847723e-01 3.580204882564347324e-02 1.018645319999999970e+02 -3.657603761376865964e-02 -8.733059740527425452e-04 9.993304912836152853e-01 -1.725059999999999927e-01
-1.654885321637002971e-01 -9.861970136840251255e-01 -5.384786255236187133e-03 -2.117036399999999929e+01 9.855856983151359829e-01 -1.655755345372424969e-01 3.472137150764591229e-02 1.022944490000000002e+02 -3.513370175443352589e-02 4.388204838661445562e-04 9.993825245808600766e-01 -1.647450000000000025e-01
-1.453560180976376515e-01 -9.893696236975180192e-01 -4.401784573419687333e-03 -2.121704499999999882e+01 9.888689836177628756e-01 -1.454224829169782351e-01 3.147117253986060625e-02 1.027086939999999942e+02 -3.177674057501389537e-02 2.217360880359883768e-04 9.994949672667369223e-01 -1.577699999999999936e-01
-1.216253252701015031e-01 -9.925684926730171664e-01 -3.881701399686174336e-03 -2.124141099999999938e+01 9.921936469745065157e-01 -1.216860835451017975e-01 2.728120185920030610e-02 1.030962070000000068e+02 -2.755081044851411670e-02 -5.333144183361331059e-04 9.996202621092478147e-01 -1.595280000000000031e-01
-9.462751921065681859e-02 -9.955100750598461223e-01 -2.307176277696573394e-03 -2.126240500000000111e+01 9.952116192719188126e-01 -9.465564085539801553e-02 2.437503888036445313e-02 1.034656910000000067e+02 -2.448398403451002708e-02 1.042082064002872177e-05 9.997002222752601197e-01 -1.737410000000000065e-01
-6.453825965140225218e-02 -9.979152260260979457e-01 -1.212701525930889174e-04 -2.127079600000000070e+01 9.976289152450288356e-01 -6.452265295887027463e-02 2.394524424966243403e-02 1.038307800000000043e+02 -2.390314849962204419e-02 1.424401780017918798e-03 9.997132641769709283e-01 -1.827920000000000100e-01
-3.249943425379464568e-02 -9.994672498709127328e-01 3.000534728656457234e-03 -2.126345999999999847e+01 9.991946539173415243e-01 -3.241958944111011931e-02 2.364347274564781998e-02 1.042088090000000022e+02 -2.353360057848366896e-02 3.766517747795416343e-03 9.997159511520600228e-01 -1.797539999999999971e-01
2.569937216277629055e-03 -9.999840445294938540e-01 5.030517780545654127e-03 -2.123357800000000140e+01 9.997322250956732770e-01 2.684913867988636405e-03 2.298411065880703180e-02 1.045840149999999937e+02 -2.299725044345945005e-02 4.970103012763132586e-03 9.997231739577128184e-01 -1.818150000000000044e-01
4.152290482916731751e-02 -9.991089020312241553e-01 7.566389925821268361e-03 -2.120533000000000001e+01 9.988627639568280481e-01 4.168789140147133310e-02 2.313651855887530889e-02 1.049267430000000019e+02 -2.343132849571177845e-02 6.597089696282485219e-03 9.997036817239722817e-01 -1.783839999999999870e-01
8.271631670737911168e-02 -9.965220154246935413e-01 1.009374679051034188e-02 -2.115565099999999887e+01 9.962886662886377698e-01 8.293044933011273212e-02 2.305285229017454973e-02 1.052715989999999948e+02 -2.380975378225391390e-02 8.149438496730264728e-03 9.996832909862085614e-01 -1.751850000000000074e-01
1.254137289357518670e-01 -9.920383905355637522e-01 1.145549204694843240e-02 -2.110216099999999884e+01 9.918075180854292183e-01 1.256503431955209305e-01 2.301821722177189999e-02 1.056211849999999970e+02 -2.427434167285722269e-02 8.474842680295746611e-03 9.996694120447487952e-01 -1.672639999999999960e-01
1.709536212301296931e-01 -9.852271226025387518e-01 1.011811625882286236e-02 -2.105302999999999969e+01 9.849639789790528566e-01 1.711496328208081952e-01 2.353217582490384208e-02 1.059775470000000013e+02 -2.491624975908282580e-02 5.943069377371391557e-03 9.996718763796041962e-01 -1.691120000000000123e-01
2.173790326367122105e-01 -9.760350566340509904e-01 1.009576105560428677e-02 -2.096641500000000136e+01 9.757257817762576835e-01 2.175683711098578277e-01 2.496402751387639604e-02 1.063291700000000048e+02 -2.656228429630252269e-02 4.424038196923076732e-03 9.996373707194997627e-01 -1.716439999999999910e-01
2.638694027549501886e-01 -9.645040507201948499e-01 1.024082194364853669e-02 -2.085335500000000053e+01 9.641497805180402336e-01 2.640517628590091093e-01 2.630336970930773066e-02 1.066665729999999996e+02 -2.807381371956380045e-02 2.933031773655388891e-03 9.996015497726351562e-01 -1.844909999999999883e-01
3.113724162274197349e-01 -9.502173041384993635e-01 1.158849983650869601e-02 -2.070750800000000069e+01 9.498651878522379466e-01 3.115744655359651283e-01 2.602839473363652290e-02 1.069828490000000016e+02 -2.834331171777262903e-02 2.902988415397520644e-03 9.995940322646635900e-01 -1.973360000000000114e-01
3.585377969475703752e-01 -9.334282381881728874e-01 1.274253949988811765e-02 -2.054479399999999956e+01 9.330932129828666266e-01 3.587527186850498762e-01 2.517027455941024672e-02 1.072931980000000038e+02 -2.806606572523939400e-02 2.865482334415270574e-03 9.996019632662281884e-01 -1.991870000000000029e-01
