-1.737093292223303997e-01 -9.846876642208913788e-01 1.467218021743384691e-02 1.859220000000000039e-01 9.845428350441046694e-01 -1.733067787413230532e-01 2.530150994748967680e-02 8.717909999999999826e-01 -2.237129644085963237e-02 1.884049822884090175e-02 9.995721888498320107e-01 7.752700000000000147e-01
-1.746190280066650669e-01 -9.845245230879332565e-01 1.482088042205696038e-02 8.677999999999999603e-02 9.843990459515109537e-01 -1.742269613808599127e-01 2.456591658674860471e-02 1.361768000000000089e+00 -2.160355035086256037e-02 1.887933702410515488e-02 9.995883438925085018e-01 7.734509999999999996e-01
-1.763837515460942029e-01 -9.842041724118267831e-01 1.519602571979794189e-02 -2.018999999999999961e-02 9.841241014773495221e-01 -1.760182194094827013e-01 2.274509457695745793e-02 2.011829999999999785e+00 -1.971103959524360752e-02 1.896664026827732039e-02 9.996258007249555488e-01 7.711620000000000141e-01
-1.779069009192869588e-01 -9.839048345827217101e-01 1.674547968981441801e-02 -1.163320000000000048e-01 9.838814873044257059e-01 -1.775387637941557850e-01 2.138238270338541774e-02 2.529691000000000134e+00 -1.806525795348908406e-02 2.027964090387013307e-02 9.996311232749228726e-01 7.767669999999999852e-01
-1.798022821937488303e-01 -9.835133569755020178e-01 1.930326316193508099e-02 -2.131139999999999979e-01 9.835707154792506790e-01 -1.794220060306075393e-01 1.990958069845175094e-02 3.061596000000000206e+00 -1.611790834925782082e-02 2.256591240637097207e-02 9.996154223638773484e-01 7.755680000000000351e-01
-1.805590085979039694e-01 -9.833483584791069543e-01 2.060219140256069892e-02 -3.055729999999999835e-01 9.834474956766627862e-01 -1.801753795063301133e-01 1.917956900063894077e-02 3.612013999999999836e+00 -1.514819003849664225e-02 2.372421750439004939e-02 9.996037684214490460e-01 7.706399999999999917e-01
-1.819735890467986117e-01 -9.830812180114212318e-01 2.090291086444547031e-02 -4.213270000000000071e-01 9.831794300389282704e-01 -1.815719544843096278e-01 1.974420656991788744e-02 4.196759000000000128e+00 -1.561477626335530666e-02 2.414423612226936425e-02 9.995865318341966566e-01 7.684670000000000112e-01
-1.833380493845032655e-01 -9.828241383044210577e-01 2.106828930068943562e-02 -5.312500000000000000e-01 9.829279136913143811e-01 -1.829355358780149210e-01 1.968009653085014271e-02 4.784061999999999593e+00 -1.548793512142594871e-02 2.431672015703650186e-02 9.995843241000125223e-01 7.643889999999999851e-01
-1.847430917420469498e-01 -9.825543698806347148e-01 2.137522589491281516e-02 -6.539819999999999522e-01 9.827009115044649246e-01 -1.843956208725727741e-01 1.723872185842277582e-02 5.357992000000000310e+00 -1.299648344296616687e-02 2.419018874435089478e-02 9.996228919880882913e-01 7.633510000000000018e-01
-1.862175122194262844e-01 -9.822961975818839120e-01 2.042592369954281117e-02 -7.954120000000000079e-01 9.824602868573369951e-01 -1.859620747830403875e-01 1.378011213979721608e-02 5.963758999999999588e+00 -9.737704606647700628e-03 2.263375705795666812e-02 9.996963989884304347e-01 7.749049999999999550e-01
-1.875227589671260020e-01 -9.820669700838843275e-01 1.948540837693967659e-02 -9.174860000000000237e-01 9.822412187310364251e-01 -1.873587120559618846e-01 9.944910381665185081e-03 6.560919000000000167e+00 -6.115806988889824734e-03 2.100426830408784473e-02 9.997606801719522984e-01 7.675760000000000360e-01
-1.887466864662281640e-01 -9.818631760417345644e-01 1.787153830137227714e-02 -1.033894000000000091e+00 9.820060599118388689e-01 -1.885962195865261704e-01 9.775697115651401509e-03 7.157258999999999816e+00 -6.227892456160891675e-03 1.939508935037077136e-02 9.997925004042816921e-01 7.684739999999999904e-01
-1.899804658619584918e-01 -9.816790034901247131e-01 1.462042056538118487e-02 -1.175640999999999936e+00 9.817207537012112573e-01 -1.897722905164578311e-01 1.452031351116238149e-02 7.795116000000000156e+00 -1.147973619899576511e-02 1.711174622218702979e-02 9.997876793589871580e-01 7.568150000000000155e-01
-1.909469509828212175e-01 -9.815273808661170163e-01 1.196923224207962523e-02 -1.294219000000000008e+00 9.813751129584656896e-01 -1.906277374071417841e-01 2.374770297929353763e-02 8.442310000000000869e+00 -2.102735304604422262e-02 1.628085812033876201e-02 9.996463294999599070e-01 7.461250000000000382e-01
-1.916310359478955450e-01 -9.814143494789328015e-01 1.016959676581024631e-02 -1.419869999999999965e+00 9.810610093307182700e-01 -1.912434607853205071e-01 3.074466909637411233e-02 9.088960000000000150e+00 -2.822839054087829952e-02 1.586862765636563866e-02 9.994755347800041712e-01 7.375450000000000061e-01
-1.926202885535538423e-01 -9.812358066839086401e-01 8.585809159574842725e-03 -1.558157999999999932e+00 9.808588929151771385e-01 -1.922772766319990057e-01 3.074542372768085396e-02 9.760125000000000384e+00 -2.851765465038438516e-02 1.434365965716873775e-02 9.994903715398566479e-01 7.459559999999999524e-01
-1.937968833313493677e-01 -9.810126806839706282e-01 7.542436496588974387e-03 -1.693683000000000050e+00 9.807892374718875095e-01 -1.935668910364360951e-01 2.417292604965179739e-02 1.043680100000000088e+01 -2.225398100045981528e-02 1.208217826959134475e-02 9.996793392372841369e-01 7.383060000000000178e-01
-1.945614224174099238e-01 -9.808519269662472340e-01 8.680453531562135755e-03 -1.863169000000000075e+00 9.807602844497087524e-01 -1.943839061276543267e-01 1.800448512681344926e-02 1.113836700000000057e+01 -1.597239346624547071e-02 1.201642231093328662e-02 9.998002241657103495e-01 7.126829999999999554e-01
-1.960854768917429380e-01 -9.805399145093093294e-01 9.589671851205750983e-03 -1.998316999999999899e+00 9.804447913969894790e-01 -1.958812689561015841e-01 1.893513915081830243e-02 1.186467799999999961e+01 -1.668822263307846721e-02 1.311504960812072754e-02 9.997747239749189552e-01 6.932559999999999834e-01
-1.966612018449751531e-01 -9.804240591837191099e-01 9.645509971449039294e-03 -2.155822999999999823e+00 9.801694902965453204e-01 -1.963469542738632834e-01 2.675152031545672063e-02 1.261197300000000077e+01 -2.433396763170360758e-02 1.471522072878343398e-02 9.995955783706741427e-01 6.702909999999999702e-01
-1.971864005077565984e-01 -9.803250433787660256e-01 8.962855527969344066e-03 -2.308787999999999840e+00 9.798418592536222160e-01 -1.967738203499292959e-01 3.449629660266100711e-02 1.336675400000000025e+01 -3.205392813992741230e-02 1.558438158267375952e-02 9.993646345261003594e-01 6.559549999999999548e-01
-1.977954663542185187e-01 -9.801962094503116063e-01 9.609602955306923919e-03 -2.455588999999999800e+00 9.796094368460575019e-01 -1.973055688741774949e-01 3.789279263115423457e-02 1.412435999999999936e+01 -3.524634352479226462e-02 1.690868032930526246e-02 9.992356037480117914e-01 6.432309999999999972e-01
-1.981400808558100302e-01 -9.801033614314507147e-01 1.174347773127153681e-02 -2.616782999999999859e+00 9.795589711707641811e-01 -1.975773360372150567e-01 3.778118954337306157e-02 1.493097500000000011e+01 -3.470922582438171894e-02 1.898939691536372792e-02 9.992170297024880465e-01 6.270630000000000370e-01
-1.978379017102325221e-01 -9.801539798071233767e-01 1.258334276531864956e-02 -2.763447999999999904e+00 9.796842266611341943e-01 -1.972803263121661876e-01 3.604564996695813067e-02 1.571945799999999949e+01 -3.284784130300862082e-02 1.945889818109769465e-02 9.992709195224837027e-01 6.154619999999999536e-01
-1.976559769816539358e-01 -9.802076356001779844e-01 1.118507373855916545e-02 -2.954000000000000181e+00 9.798195296897523887e-01 -1.972055639145450234e-01 3.261372103423596652e-02 1.653660599999999903e+01 -2.976245960905389912e-02 1.740565058408926127e-02 9.994054429138176099e-01 5.900469999999999882e-01
-1.963420837998599566e-01 -9.804302304322639605e-01 1.436486629478974687e-02 -3.115982999999999947e+00 9.802332382215409590e-01 -1.958967970123745017e-01 2.769916255060503318e-02 1.734867699999999857e+01 -2.434306502561010138e-02 1.951943069945804438e-02 9.995130849620369462e-01 5.617199999999999971e-01
-1.952221841836555560e-01 -9.806049047492059190e-01 1.738733977247886031e-02 -3.280902000000000207e+00 9.805860511035210392e-01 -1.948241099187161263e-01 2.223876290585037607e-02 1.817558100000000110e+01 -1.841996698600409377e-02 2.139128271471281428e-02 9.996014795107366346e-01 5.579880000000000395e-01
-1.942866710643689210e-01 -9.807745827104854541e-01 1.827313207414706792e-02 -3.451890999999999821e+00 9.808497812448648823e-01 -1.939748797218234788e-01 1.753432829637927709e-02 1.902072499999999877e+01 -1.365269492176636977e-02 2.132988387163897021e-02 9.996792685533673062e-01 5.594200000000000284e-01
-1.931552171030569420e-01 -9.810487106062277807e-01 1.531305076491999706e-02 -3.605417999999999790e+00 9.811064062007852637e-01 -1.929443504214253258e-01 1.423718203276553781e-02 1.993892900000000168e+01 -1.101280244310298348e-02 1.777371819041540998e-02 9.997813826652488522e-01 5.433540000000000036e-01
-1.935650004549129832e-01 -9.809655345880385902e-01 1.546643298544547913e-02 -3.803697999999999801e+00 9.810176124402381070e-01 -1.933390682761071400e-01 1.498161407130108209e-02 2.088210099999999869e+01 -1.170618131348466658e-02 1.807275929487539567e-02 9.997681434665366407e-01 5.365959999999999619e-01
-1.930994444601975557e-01 -9.810634932737911651e-01 1.506740570201779705e-02 -3.962123000000000062e+00 9.811190547205042023e-01 -1.928948242938618440e-01 1.403521374916780542e-02 2.177702700000000036e+01 -1.086301125414785781e-02 1.749311081729846076e-02 9.997879705519696625e-01 5.380059999999999842e-01
-1.933432659553698807e-01 -9.810502965969243316e-01 1.259750200625535214e-02 -4.162138999999999811e+00 9.810897985013442568e-01 -1.932012575800614584e-01 1.166539095248297041e-02 2.272767400000000038e+01 -9.010482023876614441e-03 1.461470549033662934e-02 9.998525999351745019e-01 5.439429999999999543e-01
-1.943148627291797492e-01 -9.809020940213434292e-01 8.533233096741031296e-03 -4.365838000000000108e+00 9.809055072990652269e-01 -1.942287243946703157e-01 9.979397295540676227e-03 2.362209100000000106e+01 -8.131412724924387200e-03 1.030944055526287345e-02 9.999137940655355994e-01 5.447189999999999532e-01
-1.941387908989250510e-01 -9.809496416977311339e-01 6.923172783943278355e-03 -4.555333000000000077e+00 9.809407515526423760e-01 -1.940691938004008854e-01 9.611969673264431774e-03 2.454639200000000088e+01 -8.085283646277453828e-03 8.657278484334809260e-03 9.999298373974064846e-01 5.421890000000000320e-01
-1.943075363821832324e-01 -9.809235647896735744e-01 5.791489049112759357e-03 -4.774733999999999590e+00 9.809087039749523340e-01 -1.942501630133485202e-01 9.218928108371594182e-03 2.552097900000000053e+01 -7.918066131723409604e-03 7.472229226072466673e-03 9.999407332532896930e-01 5.490180000000000060e-01
-1.936492856943369256e-01 -9.810585924143906400e-01 4.898203749123222935e-03 -4.971574999999999633e+00 9.810363829143946557e-01 -1.935982424943460956e-01 9.345367908327181089e-03 2.650589799999999840e+01 -8.220069848528608475e-03 6.615039908815908455e-03 9.999443343000099516e-01 5.548499999999999543e-01
-1.938423536569061634e-01 -9.810224901624099436e-01 4.473893639186011031e-03 -5.181941000000000130e+00 9.809899661339974708e-01 -1.937893347151925516e-01 1.021665772456916907e-02 2.745353899999999925e+01 -9.155778130169479195e-03 6.369265749429693473e-03 9.999378001559118267e-01 5.523679999999999701e-01
-1.940436095281384832e-01 -9.809879674305364006e-01 3.112130748535367648e-03 -5.382588000000000150e+00 9.809288932231334801e-01 -1.939937311714919899e-01 1.203904922329412583e-02 2.846778899999999979e+01 -1.120642857155357969e-02 5.388879537301406557e-03 9.999226849791953420e-01 5.527400000000000091e-01
-1.945329300636816638e-01 -9.808927374692534285e-01 2.525213043096533397e-03 -5.572445000000000093e+00 9.808180153774607168e-01 -1.944843624108160141e-01 1.310929016680222221e-02 2.948489999999999966e+01 -1.236769306935529139e-02 5.026963072538267671e-03 9.999108809341008541e-01 5.430530000000000079e-01
-1.950572386096169897e-01 -9.807868896481484189e-01 3.122620742549994145e-03 -5.775551000000000101e+00 9.807184918448912381e-01 -1.950027169109057601e-01 1.285224302786501169e-02 3.040655100000000033e+01 -1.199639193562222761e-02 5.569334940192256084e-03 9.999125307189878908e-01 5.474130000000000384e-01
-1.956921572591053815e-01 -9.806623705201873431e-01 2.427886530495243847e-03 -5.989709999999999646e+00 9.806044655637600194e-01 -1.956518097348717289e-01 1.162976628667917491e-02 3.137124999999999986e+01 -1.092985378176824021e-02 4.656650426745198232e-03 9.999294244611027782e-01 5.495579999999999909e-01
-1.952683669500191455e-01 -9.807495438902791296e-01 7.726756642271502898e-04 -6.181314999999999671e+00 9.806773317818464619e-01 -1.952442878085453026e-01 1.231417911889353886e-02 3.235715499999999878e+01 -1.192626504446901367e-02 3.162315155603415313e-03 9.999238790852760239e-01 5.482259999999999911e-01
-1.954146579947361184e-01 -9.807197316883283777e-01 1.385394519158493834e-03 -6.414907999999999610e+00 9.806171381341514115e-01 -1.953732960696608068e-01 1.480890206812599669e-02 3.349362899999999854e+01 -1.425271336928641934e-02 4.252418141484324253e-03 9.998893824326583468e-01 5.439699999999999536e-01
-1.959324710633812971e-01 -9.806169457315346838e-01 9.340916194484436691e-04 -6.627831999999999724e+00 9.804628752247380730e-01 -1.958845999739694532e-01 1.793805449532906438e-02 3.453318000000000154e+01 -1.740738604836071513e-02 4.430489498267171575e-03 9.998386638222034328e-01 5.284759999999999458e-01
-1.961908595772737796e-01 -9.805649831964744489e-01 1.208448272893252254e-03 -6.846875999999999962e+00 9.803665693162657568e-01 -1.961260257721351152e-01 2.039538628914542781e-02 3.555335199999999674e+01 -1.976199345678773811e-02 5.186110654970509971e-03 9.997912621496990448e-01 5.258570000000000189e-01
-1.969898350938358300e-01 -9.804039151382908379e-01 1.779902023828456442e-03 -7.069441000000000308e+00 9.801885130068084262e-01 -1.969077090909829852e-01 2.139703414126877326e-02 3.654719200000000257e+01 -2.062725961452911705e-02 5.959637745019934034e-03 9.997694728679921150e-01 5.156269999999999465e-01
-1.973011891944675966e-01 -9.803401633755575162e-01 2.324825850210284969e-03 -7.278895999999999589e+00 9.801478446777101006e-01 -1.972140680025027404e-01 2.041602203033967070e-02 3.759486799999999818e+01 -1.955615800938483029e-02 6.306778471541107239e-03 9.997888683263196352e-01 5.128589999999999538e-01
-1.980754702231980469e-01 -9.801843843145657820e-01 2.163525302574733841e-03 -7.506982999999999961e+00 9.800061673061232215e-01 -1.979961213359057171e-01 1.963282908549333905e-02 3.870808799999999650e+01 -1.881542287119549600e-02 6.009049992566854910e-03 9.998049165614084632e-01 5.030280000000000307e-01
-1.989289321855752801e-01 -9.800125209970876883e-01 1.654880188874241834e-03 -7.719523999999999830e+00 9.798153343171579488e-01 -1.988543463928879040e-01 2.046605867316234756e-02 3.980445100000000025e+01 -1.972791363684302246e-02 5.692768183416173702e-03 9.997891786841599515e-01 4.900320000000000231e-01
-2.001505546740990349e-01 -9.797640991289948698e-01 1.437192262622210767e-03 -7.897656999999999705e+00 9.795245990295748939e-01 -2.000686947265474247e-01 2.245166555884737028e-02 4.077103400000000022e+01 -2.170979870015565805e-02 5.901478489734091754e-03 9.997468965653426576e-01 4.905729999999999813e-01
-2.006689029045685135e-01 -9.796571998415108951e-01 1.939640628268570269e-03 -8.141825000000000756e+00 9.793697544079336126e-01 -2.005611185334693625e-01 2.470064540750530058e-02 4.193685500000000133e+01 -2.380914862023621181e-02 6.856276780705902393e-03 9.996930108341689492e-01 4.759209999999999829e-01
-2.014191142345536090e-01 -9.795040517602051633e-01 1.467312614576573790e-03 -8.360490999999999673e+00 9.792035661999769491e-01 -2.013197018740526811e-01 2.511480795446239048e-02 4.292753600000000347e+01 -2.430465721245275018e-02 6.495400117282331548e-03 9.996834966203560491e-01 4.742970000000000241e-01
-2.016449009309596585e-01 -9.794537833262558779e-01 3.101653821288644086e-03 -8.549428999999999945e+00 9.792210877516817069e-01 -2.015252251047228160e-01 2.266373642857128640e-02 4.390067700000000173e+01 -2.157302090474111714e-02 7.607231715576068774e-03 9.997383331625676606e-01 4.720489999999999964e-01
-2.014762251326603915e-01 -9.794926928570870661e-01 1.181247588700178736e-03 -8.767984000000000222e+00 9.793384357342049817e-01 -2.014227507302747133e-01 1.803063454041873084e-02 4.494774600000000220e+01 -1.742294464130725307e-02 4.789585349682563137e-03 9.998367371087162336e-01 4.660349999999999770e-01
-2.014960097378383219e-01 -9.794887156046255816e-01 -1.101845238822013115e-03 -9.000985999999999265e+00 9.793473364389241320e-01 -2.014858250537499007e-01 1.680050333754828928e-02 4.599151200000000017e+01 -1.667790963263199311e-02 2.306145184294964602e-03 9.998582544664392779e-01 4.556870000000000087e-01
-2.012334110174763824e-01 -9.795420603131593795e-01 -1.570467357932902805e-03 -9.203511000000000664e+00 9.793599297811504956e-01 -2.012265000390475178e-01 1.902691832891531196e-02 4.704198499999999683e+01 -1.895368643117832652e-02 2.290798875089809783e-03 9.998177383959450104e-01 4.404750000000000054e-01
-2.013252462145177502e-01 -9.795161898740148976e-01 -4.022314179246533339e-03 -9.392744000000000426e+00 9.793058301313913860e-01 -2.013653692616175217e-01 2.029973233318264209e-02 4.806299599999999828e+01 -2.069387125045162729e-02 1.477728837105084236e-04 9.997858479973821266e-01 4.358730000000000104e-01
-2.010280777380125672e-01 -9.795854181798649973e-01 -3.470595605505940456e-04 -9.658625999999999934e+00 9.793344794039072765e-01 -2.009845753033481230e-01 2.256497154464935651e-02 4.916772499999999724e+01 -2.217407070516432682e-02 4.196305459779845273e-03 9.997453183730596882e-01 4.193330000000000113e-01
-2.010870357221443694e-01 -9.795732461583621653e-01 -5.093871320322618940e-04 -9.844673999999999481e+00 9.793321851230452069e-01 -2.010490351685576549e-01 2.208521315074483266e-02 5.023865099999999728e+01 -2.173649572959682891e-02 3.942190832688279370e-03 9.997559621651854744e-01 4.169499999999999873e-01
-2.010684190448589481e-01 -9.795763049140288059e-01 1.324278588129813861e-03 -1.004410500000000006e+01 9.793693370611041837e-01 -2.009977207983657532e-01 2.087146037908825524e-02 5.126130700000000218e+01 -2.017901105839065706e-02 5.493549384521594602e-03 9.997812902969654969e-01 4.166090000000000071e-01
-2.012077759518592357e-01 -9.795475709438956624e-01 1.409664648168393666e-03 -1.029621700000000040e+01 9.793830223745403352e-01 -2.011471017061619015e-01 1.867455380247758437e-02 5.234521500000000316e+01 -1.800906385732129605e-02 5.138067061147551934e-03 9.998246215641312107e-01 3.932269999999999932e-01
-2.005457506419198177e-01 -9.796823886026247985e-01 1.954318634419620164e-03 -1.051237599999999972e+01 9.795568633411314563e-01 -2.004870776008308431e-01 1.653127933229885799e-02 5.337888300000000186e+01 -1.580358759120811113e-02 5.229644054268334057e-03 9.998614391215978614e-01 3.955810000000000159e-01
-2.010894238988875093e-01 -9.795642582089524319e-01 4.111889536233099239e-03 -1.071888799999999975e+01 9.794901013038036508e-01 -2.010160852407802956e-01 1.384467126138406654e-02 5.442475499999999755e+01 -1.273518919678837819e-02 6.811572066416214655e-03 9.998957032821503832e-01 3.967519999999999936e-01
-2.011639578925218386e-01 -9.795453474549732364e-01 4.896358272364938723e-03 -1.096002099999999935e+01 9.794930415430026516e-01 -2.010908100617506689e-01 1.248469773548653572e-02 5.545093899999999820e+01 -1.124471492983505558e-02 7.307420066245254309e-03 9.999100749558043066e-01 3.942499999999999893e-01
-2.006205015437707573e-01 -9.796572551544400209e-01 4.803830096330384894e-03 -1.119256900000000066e+01 9.795873893987590009e-01 -2.005380658263896665e-01 1.389354834212674916e-02 5.659098099999999931e+01 -1.264756463712671773e-02 7.493102019799561912e-03 9.998919404269995814e-01 3.943599999999999883e-01
-1.997054451411215403e-01 -9.798502189116623518e-01 3.359118895411912498e-03 -1.141088700000000067e+01 9.796980140040932872e-01 -1.996105231895636267e-01 1.863975290672250165e-02 5.766275799999999663e+01 -1.759365048594221936e-02 7.013382262196207750e-03 9.998206218776560794e-01 3.988419999999999743e-01
-1.997762865414773881e-01 -9.798219750522438876e-01 6.191327839598498306e-03 -1.164285899999999963e+01 9.795576432837416192e-01 -1.995623242464062974e-01 2.533184213148187078e-02 5.869321399999999755e+01 -2.358513981513845476e-02 1.112546385963651338e-02 9.996599247913303676e-01 3.936629999999999852e-01
-1.998068145978569854e-01 -9.797845143740760987e-01 9.977085396696406747e-03 -1.185927500000000023e+01 9.795127440172043398e-01 -1.994694279013982108e-01 2.768991947577591206e-02 5.975852600000000336e+01 -2.514003079042794603e-02 1.530531690113803335e-02 9.995667692187512055e-01 3.749979999999999980e-01
-1.994909458521815226e-01 -9.798199939952118021e-01 1.249567486072352893e-02 -1.205312299999999937e+01 9.796435245636662126e-01 -1.991310301091737678e-01 2.540467728857277036e-02 6.083910800000000307e+01 -2.240373414141448236e-02 1.730931006372761483e-02 9.995991499004180936e-01 3.623560000000000114e-01
-1.996232506242389126e-01 -9.797780762766327145e-01 1.361906964050851702e-02 -1.225282699999999991e+01 9.796859810231713928e-01 -1.992945896443977238e-01 2.229450885615995304e-02 6.185017799999999966e+01 -1.912946410327713218e-02 1.779291393032200741e-02 9.996586796587070278e-01 3.595389999999999975e-01
-1.986506436189469094e-01 -9.799839213970986673e-01 1.301674279316514596e-02 -1.246229699999999951e+01 9.799450821439545933e-01 -1.983953746305580079e-01 1.862555521531627026e-02 6.292208899999999971e+01 -1.567028307518420968e-02 1.645567161697775518e-02 9.997417932146169806e-01 3.575389999999999957e-01
-1.988830056382092648e-01 -9.799482773152672355e-01 1.212121508564750760e-02 -1.270644000000000062e+01 9.799432151169396032e-01 -1.986934990508144594e-01 1.523773543607696151e-02 6.400392200000000287e+01 -1.252378595265460012e-02 1.490862910480019940e-02 9.998104258126275790e-01 3.666170000000000262e-01
-1.979648998309757602e-01 -9.801648739400918853e-01 9.312267656990221715e-03 -1.290384300000000017e+01 9.801420723740659202e-01 -1.978313202376742463e-01 1.357522358157863505e-02 6.499094399999999894e+01 -1.146369910555761554e-02 1.181476309633470133e-02 9.998644883061877930e-01 3.702650000000000108e-01
-1.969081585452704397e-01 -9.804057392956662120e-01 5.635907595817499401e-03 -1.310604099999999939e+01 9.803127182390718453e-01 -1.967971675118338482e-01 1.605768719464933936e-02 6.611280800000000113e+01 -1.463391803423342435e-02 8.686841510994457519e-03 9.998551831278018609e-01 3.736499999999999821e-01
-1.968248437966280129e-01 -9.804242800103967204e-01 5.311499837964649834e-03 -1.332108200000000053e+01 9.802976254895042763e-01 -1.967017531217347681e-01 1.802736193889819052e-02 6.717193600000000231e+01 -1.662968201959762887e-02 8.755083376633540637e-03 9.998233854991567249e-01 3.795629999999999837e-01
-1.965796547649225623e-01 -9.804702149733220962e-01 5.881911481060618507e-03 -1.355704399999999943e+01 9.803315816886642997e-01 -1.964376836286342298e-01 1.903224617373937624e-02 6.830371900000000096e+01 -1.750512143074321736e-02 9.507575967815581897e-03 9.998015686739599728e-01 3.630249999999999866e-01
-1.960062522852069611e-01 -9.805773806473168097e-01 7.039149661401430773e-03 -1.374715100000000056e+01 9.804362208131573997e-01 -1.958356902194350324e-01 1.982925500092608956e-02 6.932088500000000408e+01 -1.806560219649735663e-02 1.078809525010184650e-02 9.997786010003177903e-01 3.605110000000000259e-01
-1.967183231614006989e-01 -9.804353529772856790e-01 6.958445578733926835e-03 -1.394866999999999990e+01 9.802601400805551757e-01 -1.965299522224253082e-01 2.158785882624553523e-02 7.035775800000000402e+01 -1.979795701120292892e-02 1.106781422669670181e-02 9.997427391016280307e-01 3.615849999999999898e-01
-1.976011133676338627e-01 -9.802612000982270368e-01 6.463712389572565109e-03 -1.420120900000000042e+01 9.800399595058290059e-01 -1.974012553468518227e-01 2.354617079909138155e-02 7.154460899999999413e+01 -2.180545270533252450e-02 1.098744599397894622e-02 9.997018546861082822e-01 3.484320000000000195e-01
-1.981046710262517330e-01 -9.801521517401666772e-01 7.503249742776765471e-03 -1.441095999999999933e+01 9.799078608058254813e-01 -1.978630292791939693e-01 2.511585107879639803e-02 7.268475300000000061e+01 -2.313273975412372813e-02 1.232806082004552287e-02 9.996563885995454202e-01 3.297599999999999976e-01
-1.989896043937826597e-01 -9.799649809854098503e-01 8.471917461319460746e-03 -1.458452699999999957e+01 9.797478083088193568e-01 -1.987339093741206097e-01 2.447581212021619074e-02 7.364760599999999613e+01 -2.230178148200723243e-02 1.317077473591932169e-02 9.996645243458349706e-01 3.254529999999999923e-01
-1.997453238103754636e-01 -9.798022566469869465e-01 9.452168288834002230e-03 -1.484591999999999956e+01 9.796675741494932366e-01 -1.995142465278125776e-01 2.110709815409882867e-02 7.480096399999999335e+01 -1.879494016845468379e-02 1.347602693346261482e-02 9.997325376930334961e-01 3.276370000000000116e-01
-2.001889016204401184e-01 -9.797211495249614766e-01 8.418600922354373475e-03 -1.505927199999999999e+01 9.796113050351756835e-01 -2.000033383494816963e-01 1.898303706846887415e-02 7.594803600000000188e+01 -1.691433460949237633e-02 1.204714997627478329e-02 9.997843624813138597e-01 3.290790000000000104e-01
-2.003837838796561632e-01 -9.797027643416534870e-01 5.369608867807657004e-03 -1.525732600000000083e+01 9.795470099561766064e-01 -2.002436706867462002e-01 1.975164893904694796e-02 7.698282600000000286e+01 -1.827551487604827871e-02 9.217694463363991508e-03 9.997904978868299430e-01 3.311459999999999959e-01
-2.008857940859399838e-01 -9.796098793664854698e-01 3.063002128822161704e-03 -1.545445800000000069e+01 9.793745911621444256e-01 -2.007663613072872000e-01 2.276572760564099865e-02 7.803021200000000590e+01 -2.168658388137214427e-02 7.573137725647377007e-03 9.997361350199084340e-01 3.204620000000000246e-01
-2.016931495205727121e-01 -9.794472147261783501e-01 1.739828038423194001e-03 -1.566966200000000065e+01 9.791077270632648766e-01 -2.015757326368130542e-01 2.674477176831435710e-02 7.904266400000000203e+01 -2.584438510545560355e-02 7.097716327341690654e-03 9.996407805714297989e-01 3.111579999999999901e-01
-2.011803056166637793e-01 -9.795536083627096602e-01 1.101351706122398813e-03 -1.586621399999999937e+01 9.791968950774878611e-01 -2.010764232537385343e-01 2.723440254696549850e-02 8.002764100000000269e+01 -2.645610142467113429e-02 6.557465598709117174e-03 9.996284681532080496e-01 2.948000000000000065e-01
-2.017835744395769515e-01 -9.794268085101154320e-01 2.552617887205748184e-03 -1.608085099999999912e+01 9.791144298005711732e-01 -2.016516796042575610e-01 2.591396282094154263e-02 8.102783999999999764e+01 -2.486609021722164387e-02 7.728317053034068629e-03 9.996609178480654334e-01 2.893180000000000196e-01
-2.020469978053269777e-01 -9.793735511939847260e-01 2.111373850638814317e-03 -1.630306099999999958e+01 9.790854402239179688e-01 -2.019341267670536899e-01 2.478526151493525009e-02 8.212171200000000226e+01 -2.384767115234619900e-02 7.075003074942555481e-03 9.996905685821483312e-01 2.924729999999999830e-01
-2.022106587006409217e-01 -9.793404242825529682e-01 1.784061075691741050e-03 -1.650991600000000048e+01 9.790451256414998138e-01 -2.021041604827205074e-01 2.499100384526804774e-02 8.307912399999999309e+01 -2.411413414311914735e-02 6.800123649144637281e-03 9.996860841548631527e-01 2.808680000000000065e-01
-2.026070678667204472e-01 -9.792505644035570667e-01 4.325293720102539249e-03 -1.673375499999999860e+01 9.789635169159364159e-01 -2.024350245881270105e-01 2.550477146703627324e-02 8.408529699999999707e+01 -2.409997091349917742e-02 9.401751715473007087e-03 9.996653432357496261e-01 2.669940000000000091e-01
-2.032435336258625602e-01 -9.791233660563910535e-01 3.082220250949440146e-03 -1.694206000000000145e+01 9.787906138149377044e-01 -2.030897904656724373e-01 2.689742211414882650e-02 8.510188300000000083e+01 -2.570992701371063727e-02 8.483575367245662843e-03 9.996334471204622041e-01 2.706200000000000272e-01
-2.037026940089168292e-01 -9.790212064169612205e-01 4.763385286438933525e-03 -1.718870199999999926e+01 9.786291233892328023e-01 -2.034765916602587765e-01 2.970379606625727503e-02 8.608330499999999574e+01 -2.811140885710136997e-02 1.071233084822098384e-02 9.995473949042472661e-01 2.653159999999999963e-01
-2.043452614518348476e-01 -9.788876233014435213e-01 4.694152685258424704e-03 -1.736923200000000023e+01 9.784702007747975161e-01 -2.041115261716389684e-01 3.057042818822924141e-02 8.701371799999999723e+01 -2.896688312381238278e-02 1.084001066123060908e-02 9.995215924886043934e-01 2.521769999999999845e-01
-2.068649302870719797e-01 -9.783495068036034414e-01 6.256449030430502600e-03 -1.757016000000000133e+01 9.779351627150196791e-01 -2.065783361411021035e-01 3.111604992156694061e-02 8.797843199999999797e+01 -2.914992526358337749e-02 1.255522099842627977e-02 9.994961972327899291e-01 2.380089999999999983e-01
-2.101706575458527348e-01 -9.776389082860423851e-01 7.103499983723244454e-03 -1.779350700000000174e+01 9.772601938899192486e-01 -2.098691601779882898e-01 3.028942132862736530e-02 8.891129300000000057e+01 -2.812131122442687939e-02 1.330791536871141038e-02 9.995159284591507154e-01 2.334920000000000051e-01
-2.140152957649098520e-01 -9.767879294564301151e-01 9.099123412603373970e-03 -1.804391499999999837e+01 9.764491267947721376e-01 -2.136622988342208318e-01 2.992532102756512852e-02 8.986349500000000035e+01 -2.728655273912119344e-02 1.528930754140866988e-02 9.995107208602214133e-01 2.094850000000000045e-01
-2.170473741485172692e-01 -9.761115730547699210e-01 9.830275874909659775e-03 -1.822318999999999889e+01 9.757816662174775280e-01 -2.166712702666482304e-01 3.006161198074555618e-02 9.077154500000000326e+01 -2.721354899819939527e-02 1.611699691568923426e-02 9.994997074343454635e-01 2.026850000000000041e-01
-2.198040497548591210e-01 -9.755193376003817862e-01 6.942742907211750178e-03 -1.841795700000000124e+01 9.751405076201379307e-01 -2.195028850885595295e-01 3.032282698130704668e-02 9.157318100000000527e+01 -2.805655199241452458e-02 1.343523001332177884e-02 9.995160451362379295e-01 1.968159999999999910e-01
-2.221730577230109915e-01 -9.749850553866055147e-01 6.578312457232898466e-03 -1.858867499999999851e+01 9.745834494657243940e-01 -2.218725261102846291e-01 3.097873762648508528e-02 9.238961799999999869e+01 -2.874425941813666535e-02 1.329375530910847404e-02 9.994983960068591911e-01 1.797189999999999899e-01
-2.254472293183424902e-01 -9.742308634073735263e-01 6.911698576054566001e-03 -1.878964799999999968e+01 9.737975420002293880e-01 -2.251181443590274389e-01 3.225163987550942052e-02 9.313217899999999361e+01 -2.986459420441088530e-02 1.400163793531499466e-02 9.994558820418909528e-01 1.744739999999999902e-01
-2.276034511289576345e-01 -9.737326104780533731e-01 6.439901069405935471e-03 -1.898403700000000072e+01 9.732771022496641278e-01 -2.272800924328760575e-01 3.279392962424832608e-02 9.386161800000000710e+01 -3.046885739053973446e-02 1.373181981016500207e-02 9.994413869027118924e-01 1.501979999999999982e-01
-2.305728146501142550e-01 -9.730497101301719409e-01 3.230906979915119936e-03 -1.916718699999999842e+01 9.725618202820313085e-01 -2.303489546615589134e-01 3.260160756817705174e-02 9.457210499999999342e+01 -3.097874874856011013e-02 1.065930119266121114e-02 9.994632041371296349e-01 1.534800000000000053e-01
-2.329265123289879780e-01 -9.724870753948684499e-01 3.758729065646834039e-03 -1.935254700000000128e+01 9.720384260548577959e-01 -2.326972398807619635e-01 3.151654842570109083e-02 9.524010499999999979e+01 -2.977479012601518329e-02 1.099466879038421205e-02 9.994961626395277854e-01 1.417150000000000076e-01
-2.360782072419601585e-01 -9.717298188279045457e-01 2.870412184665578972e-03 -1.951084499999999977e+01 9.713642121634563642e-01 -2.359058347303794045e-01 2.828435023525255679e-02 9.592949699999999780e+01 -2.680759954732318123e-02 9.465534366884204714e-03 9.995957964425719044e-01 1.437100000000000044e-01
-2.377304513266312869e-01 -9.713310359378917180e-01 5.011345713715614769e-04 -1.967692600000000169e+01 9.710674296984642684e-01 -2.376538493005244668e-01 2.342423726532067568e-02 9.657138100000000236e+01 -2.263359208907487694e-02 6.055289957221599018e-03 9.997254893082797578e-01 1.450710000000000055e-01
-2.396880647390040586e-01 -9.708480384410599351e-01 -1.928179664031538440e-03 -1.981080100000000144e+01 9.706343703999983363e-01 -2.396762201124930103e-01 2.059680826696295985e-02 9.716427600000000098e+01 -2.045850971770045434e-02 3.065251659093340408e-03 9.997860039090350481e-01 1.482709999999999861e-01
-2.408696861748106377e-01 -9.705547862849627228e-01 -2.280592335161311587e-03 -1.998999399999999937e+01 9.703639636397775048e-01 -2.408679179814653404e-01 1.940165344951520765e-02 9.779712700000000325e+01 -1.937968914480393129e-02 2.460265559863528476e-03 9.998091691628085975e-01 1.440230000000000121e-01
-2.403182973827686641e-01 -9.706833261420586556e-01 -4.582171192455586524e-03 -2.014583599999999919e+01 9.704926058432223890e-01 -2.403619124124866113e-01 1.924196104985086836e-02 9.840040600000000381e+01 -1.977923018418520709e-02 1.772320568197444796e-04 9.998043561828079406e-01 1.445359999999999978e-01
-2.384122841058420317e-01 -9.711410159220483784e-01 -6.686552275097745052e-03 -2.026286100000000090e+01 9.709354860037728852e-01 -2.384998904848770751e-01 2.005203873224672972e-02 9.892795599999999467e+01 -2.106809925107456377e-02 -1.711558527777910094e-03 9.997765779219639493e-01 1.456159999999999954e-01
-2.336159144132391452e-01 -9.722908179691325259e-01 -8.612190533257804703e-03 -2.039677199999999857e+01 9.720611200847002475e-01 -2.337502823300686705e-01 2.140056845719714301e-02 9.946607199999999693e+01 -2.282067817888198263e-02 -3.372062207050203694e-03 9.997338875140362457e-01 1.512789999999999968e-01
-2.265490001711227830e-01 -9.739527117267152700e-01 -9.574227991987068268e-03 -2.049805800000000033e+01 9.736910360702937250e-01 -2.267137265825416303e-01 2.294890967811852311e-02 9.995378900000000044e+01 -2.452176171938926647e-02 -4.123287430495945968e-03 9.996907930470015913e-01 1.311980000000000091e-01
-2.170216101049273760e-01 -9.761259087158351555e-01 -8.934824069336419483e-03 -2.061172900000000041e+01 9.757638541529507492e-01 -2.171859022237671022e-01 2.674293932662381162e-02 1.004558490000000006e+02 -2.804499377864257126e-02 -2.914482618471976247e-03 9.996024130198079005e-01 1.337849999999999873e-01
-2.051781305437127001e-01 -9.786813408918559887e-01 -9.206939595002227097e-03 -2.071717100000000045e+01 9.782701183126552014e-01 -2.053604312697711043e-01 2.854240503596592454e-02 1.009277569999999997e+02 -2.982466031878198282e-02 -3.150596580399360816e-03 9.995501805202462453e-01 1.445430000000000048e-01
-1.919363421196598196e-01 -9.813706793618256485e-01 -8.487064429700447860e-03 -2.078995700000000113e+01 9.809436657406002125e-01 -1.921042890443928064e-01 2.907691135836637519e-02 1.013704220000000049e+02 -3.016562973184514981e-02 -2.744416086784580780e-03 9.995411462082107734e-01 1.374930000000000041e-01
-1.773548336446738594e-01 -9.841080378732706135e-01 -8.754014855565860412e-03 -2.084395999999999916e+01 9.836810861836843278e-01 -1.775375283660124426e-01 2.918812611618227734e-02 1.017515870000000007e+02 -3.027843568213022668e-02 -3.434503589855867484e-03 9.995356024263140071e-01 1.371219999999999939e-01
-1.597875012001984674e-01 -9.871301090347313067e-01 -6.488628304671593267e-03 -2.088100800000000135e+01 9.867583168248050818e-01 -1.599059034344302299e-01 2.716847849800517120e-02 1.021715549999999979e+02 -2.785639311315232444e-02 -2.061524653811968449e-03 9.996098096151453394e-01 1.403600000000000125e-01
-1.391175570715218468e-01 -9.902545630959824763e-01 -6.496582335099013519e-03 -2.097022799999999876e+01 9.899745739045966442e-01 -1.392340564418259596e-01 2.375332711783543355e-02 1.025663760000000053e+02 -2.442638607867222283e-02 -3.126946488071777677e-03 9.996967409513729530e-01 1.390460000000000029e-01
-1.149533205655466350e-01 -9.933510494562843851e-01 -6.279063230578332995e-03 -2.097187399999999968e+01 9.931659316330657683e-01 -1.150557040636059902e-01 1.958614831590906741e-02 1.029534000000000020e+02 -2.017836302526879524e-02 -3.984658897177226038e-03 9.997884557040521702e-01 1.586329999999999962e-01
-8.740375356309959543e-02 -9.961625001642361310e-01 -4.566960654457209029e-03 -2.097329900000000080e+01 9.960047121481064858e-01 -8.747232982229469211e-02 1.797790016179273698e-02 1.032967299999999966e+02 -1.830839266152660058e-02 -2.977378376711036639e-03 9.998279541881959220e-01 1.671690000000000120e-01
-5.626055383115047270e-02 -9.984133446777032628e-01 -2.354411199019098774e-03 -2.102787999999999968e+01 9.982636714287684843e-01 -5.629301441788314708e-02 1.734182324047612439e-02 1.036664659999999998e+02 -1.744684464790530187e-02 -1.374662587634712177e-03 9.998468472294154141e-01 1.556250000000000133e-01
-2.220069053740603149e-02 -9.997528997437143961e-01 1.126407429471351120e-03 -2.111371400000000165e+01 9.996134804741951818e-01 -2.217870805487653918e-02 1.676289244977730714e-02 1.040498280000000051e+02 -1.673376807322778798e-02 1.498119838795172222e-03 9.998588583610289460e-01 1.515350000000000030e-01
1.403308720059925907e-02 -9.998979781796399902e-01 2.665651119126837519e-03 -2.110661100000000090e+01 9.997716180398832364e-01 1.407418703100460355e-02 1.608194706278700398e-02 1.044157330000000030e+02 -1.611782322568271891e-02 2.439362967011752398e-03 9.998671238133499672e-01 1.580290000000000028e-01
5.413680885114235952e-02 -9.985143580063089441e-01 6.187308192031001214e-03 -2.105530699999999911e+01 9.984070198856147549e-01 5.422754284906650124e-02 1.558192028210539544e-02 1.046995239999999967e+02 -1.589429364709569678e-02 5.333896493273449294e-03 9.998594506117641778e-01 1.590090000000000114e-01
9.457353259680523205e-02 -9.954937363698285191e-01 6.933093148066436263e-03 -2.098868900000000082e+01 9.953936309648344638e-01 9.466946290458999602e-02 1.513975653700338521e-02 1.050989840000000015e+02 -1.572788500734597847e-02 5.469336504111277017e-03 9.998613503838422734e-01 1.681300000000000017e-01
1.374430204322261151e-01 -9.904828561860483660e-01 7.288877553798206108e-03 -2.096223399999999870e+01 9.903830317817099438e-01 1.375393962223419031e-01 1.497881322608478165e-02 1.054393460000000005e+02 -1.583876552433780005e-02 5.160047317733054348e-03 9.998612440825696002e-01 1.797580000000000011e-01
1.835664606496378859e-01 -9.829957252033088011e-01 4.770613858364199968e-03 -2.092789099999999891e+01 9.828787861605101650e-01 1.836187727663622926e-01 1.527867806508830494e-02 1.057253340000000037e+02 -1.589484948675440323e-02 1.884282302535999001e-03 9.998718934143502324e-01 1.689869999999999983e-01
2.305535333686554722e-01 -9.730445651221341086e-01 5.416875252884353030e-03 -2.080952999999999875e+01 9.729036243707142040e-01 2.306126789482688677e-01 1.662317643024043001e-02 1.060775220000000019e+02 -1.742429159410804895e-02 1.437565504492734070e-03 9.998471520526844847e-01 1.672150000000000025e-01
2.772052148496558788e-01 -9.607972802025740444e-01 5.084802404471516421e-03 -2.072289800000000071e+01 9.606229132168505602e-01 2.772517815936175190e-01 1.830486836708120069e-02 1.063944240000000008e+02 -1.899703826724898764e-02 -1.896272695759357307e-04 9.998195220031319552e-01 1.594849999999999879e-01
3.251646681887413459e-01 -9.456310030825361146e-01 7.067147290250641416e-03 -2.058585499999999868e+01 9.454675074095042486e-01 3.252400538145329145e-01 1.760965154620121320e-02 1.066956330000000008e+02 -1.895075182056453825e-02 9.557216310692364519e-04 9.998199615938858642e-01 1.481719999999999982e-01
3.714666655980254362e-01 -9.284167522982824661e-01 7.406105683473696542e-03 -2.044223600000000118e+01 9.282745544916299885e-01 3.715395580235868467e-01 1.626985885014992778e-02 1.070083850000000041e+02 -1.785687074632145294e-02 8.311892370287538023e-04 9.998402078790397107e-01 1.535759999999999903e-01
