-1.737093292223303997e-01 -9.846876642208913788e-01 1.467218021743384691e-02 1.859220000000000039e-01 9.845428350441046694e-01 -1.733067787413230532e-01 2.530150994748967680e-02 8.717909999999999826e-01 -2.237129644085963237e-02 1.884049822884090175e-02 9.995721888498320107e-01 7.752700000000000147e-01
-1.745230880921817551e-01 -9.845446258742500678e-01 1.461408173311200265e-02 1.954809999999999881e-01 9.844157609435386647e-01 -1.741359667277585510e-01 2.454128557641693451e-02 1.326648000000000049e+00 -2.161715357587259967e-02 1.866935333434091224e-02 9.995919937241167785e-01 7.938610000000000388e-01
-1.759633462284507788e-01 -9.842856094368267472e-01 1.478985597159038212e-02 2.552899999999999961e-02 9.841915873364613931e-01 -1.756001186572463402e-01 2.305466858788108447e-02 2.014438000000000173e+00 -2.009527805785174537e-02 1.861282845606870157e-02 9.996248008211092717e-01 7.835910000000000375e-01
-1.782001731261986244e-01 -9.838287367543581130e-01 1.804757695972681805e-02 -1.213909999999999989e-01 9.838216232601129096e-01 -1.777953896456635485e-01 2.199575019370204887e-02 2.593630999999999798e+00 -1.843127514931958491e-02 2.167524295298856041e-02 9.995951540195154861e-01 7.706380000000000452e-01
-1.800402768308426715e-01 -9.834364014508254481e-01 2.093664300036385956e-02 -2.521769999999999845e-01 9.835177730217019576e-01 -1.796126383254672554e-01 2.078678195866519307e-02 3.180448999999999860e+00 -1.668199236019885651e-02 2.433401847652871125e-02 9.995646885898272771e-01 7.713959999999999706e-01
-1.811782736876980104e-01 -9.831908910835841509e-01 2.258550052165598371e-02 -3.528549999999999742e-01 9.833266864205137958e-01 -1.807436596942864071e-01 2.000892934589555347e-02 3.722036999999999818e+00 -1.559041105290820926e-02 2.583410866633723338e-02 9.995446652914602437e-01 7.584020000000000206e-01
-1.821368797976832266e-01 -9.829952361713759634e-01 2.337782457682986703e-02 -4.506060000000000065e-01 9.831560845565926465e-01 -1.816967858743543385e-01 1.975832488545196594e-02 4.266079999999999650e+00 -1.517466365078115609e-02 2.658277012107207113e-02 9.995314331804556751e-01 7.544809999999999572e-01
-1.832929086257278906e-01 -9.827689866945342745e-01 2.385012450530794165e-02 -5.455050000000000177e-01 9.829432403549357433e-01 -1.828462487789271895e-01 1.974425354409614294e-02 4.815430000000000099e+00 -1.504313424986540582e-02 2.706230032485726703e-02 9.995205530718553888e-01 7.457650000000000112e-01
-1.845707853898023165e-01 -9.825356695019566988e-01 2.360684936482087062e-02 -6.561770000000000103e-01 9.827314343587036927e-01 -1.841800182689656840e-01 1.779462822675599576e-02 5.410014000000000323e+00 -1.313594701102869036e-02 2.648356144451216587e-02 9.995629384232581627e-01 7.587829999999999853e-01
-1.858083695792862589e-01 -9.823190531636334377e-01 2.290256723578079634e-02 -7.774999999999999689e-01 9.825291919194500956e-01 -1.854965116298771255e-01 1.508082223416677518e-02 6.004495000000000360e+00 -1.056583268838971919e-02 2.530458387029816542e-02 9.996239499005373785e-01 7.734060000000000379e-01
-1.871655619523192593e-01 -9.820802701265491930e-01 2.207703438500650470e-02 -9.283839999999999870e-01 9.823083190768704398e-01 -1.869708254185842300e-01 1.059607071828156527e-02 6.621315000000000062e+00 -6.278430651530844675e-03 2.366967406741168900e-02 9.997001189547275457e-01 7.613440000000000207e-01
-1.887314582384663764e-01 -9.818017920893978845e-01 2.111108053200470847e-02 -1.062445000000000084e+00 9.820171435805812310e-01 -1.885811657489143700e-01 8.914798854529958766e-03 7.247868000000000421e+00 -4.771413314549366111e-03 2.241394598965692694e-02 9.997373898380286228e-01 7.442739999999999911e-01
-1.899790524181957929e-01 -9.816178101213142160e-01 1.828755027114711829e-02 -1.182636999999999938e+00 9.817470210385059737e-01 -1.897676531499039587e-01 1.268954293884715610e-02 7.882068000000000296e+00 -8.985895854255056270e-03 2.036449534393279526e-02 9.997522398099857321e-01 7.289470000000000116e-01
-1.911453151015897189e-01 -9.814390527508495277e-01 1.551947970226956290e-02 -1.308359999999999967e+00 9.814258806602055296e-01 -1.908319025898554955e-01 1.965771411623832773e-02 8.520528999999999797e+00 -1.633123648269920250e-02 1.898869899311343354e-02 9.996863108122943098e-01 7.054390000000000382e-01
-1.919215603233040968e-01 -9.813158463799762643e-01 1.361338777157799183e-02 -1.435866000000000087e+00 9.810765280156352741e-01 -1.914761163896760987e-01 2.873574479831655579e-02 9.176610000000000156e+00 -2.559220310671055099e-02 1.887078418821541356e-02 9.994943384753446347e-01 6.817600000000000326e-01
-1.935800667017283372e-01 -9.810120643419434350e-01 1.192004158185785284e-02 -1.553730000000000055e+00 9.806838530274540888e-01 -1.931395516534573087e-01 3.092400359475444907e-02 9.857945000000000846e+00 -2.803458911739714621e-02 1.767606298530087841e-02 9.994506584170917973e-01 7.034650000000000070e-01
-1.948450155202827716e-01 -9.807798789776840387e-01 1.030771164807145826e-02 -1.675669999999999993e+00 9.804718213367102919e-01 -1.944767213203258960e-01 2.922006894533052054e-02 1.053427399999999992e+01 -2.665384571828858032e-02 1.579980560055491492e-02 9.995198540556412548e-01 7.249809999999999865e-01
-1.952194972289242880e-01 -9.806956279134922960e-01 1.119970057847615753e-02 -1.817447999999999952e+00 9.806129257110037800e-01 -1.949801078296024004e-01 1.952043747620230835e-02 1.121651499999999935e+01 -1.695988886141974739e-02 1.479334114113958765e-02 9.997467275403756348e-01 6.978280000000000038e-01
-1.961961769667589506e-01 -9.804854337083819260e-01 1.246492797067547814e-02 -1.952070999999999890e+00 9.804635325516553035e-01 -1.959775240156361731e-01 1.685441832367668910e-02 1.193684099999999937e+01 -1.408266593926640539e-02 1.552817975123427577e-02 9.997802529324413268e-01 6.587439999999999962e-01
-1.973283201659987718e-01 -9.802604081298600391e-01 1.229090369116361825e-02 -2.101503000000000121e+00 9.801047134365736824e-01 -1.969927849455689328e-01 2.426094348538010079e-02 1.268578399999999995e+01 -2.136082301497407160e-02 1.683374386371673179e-02 9.996301017414660484e-01 6.359430000000000360e-01
-1.974423512548365567e-01 -9.802417445826173692e-01 1.194320344750677415e-02 -2.274239000000000122e+00 9.798334437219716753e-01 -1.969491961366918176e-01 3.372590554830086351e-02 1.345780099999999990e+01 -3.070733617401158466e-02 1.836127225269773913e-02 9.993597566373976226e-01 6.265810000000000546e-01
-1.979006772488379751e-01 -9.801515672275032953e-01 1.175700667349876410e-02 -2.446530999999999789e+00 9.795693442967133846e-01 -1.973170245407052104e-01 3.885732286854391704e-02 1.423302299999999931e+01 -3.576620833354843265e-02 1.920669382981286116e-02 9.991756008097721908e-01 6.212860000000000049e-01
-1.981999432314700549e-01 -9.800819520455076317e-01 1.249599046532561507e-02 -2.609914999999999985e+00 9.794726858101178157e-01 -1.975666254427875801e-01 4.000857736865374992e-02 1.500264199999999981e+01 -3.674289393823425287e-02 2.016917910616915222e-02 9.991211958312299357e-01 6.292050000000000143e-01
-1.980896853726136220e-01 -9.800852225792072714e-01 1.390802037835343376e-02 -2.767030000000000101e+00 9.795843060666816760e-01 -1.974523534883020348e-01 3.777771048897097389e-02 1.579671300000000045e+01 -3.427920443704682296e-02 2.110745327594855392e-02 9.991893772250417527e-01 6.163330000000000197e-01
-1.974352965666880122e-01 -9.802196231267605864e-01 1.374023678307368344e-02 -2.929968000000000128e+00 9.798355804889287146e-01 -1.968804578212088874e-01 3.406347803784613021e-02 1.660011499999999884e+01 -3.068450549622085688e-02 2.018850577289335937e-02 9.993252150111645582e-01 5.844540000000000290e-01
-1.964925708841391838e-01 -9.803928912318212729e-01 1.484750515918794103e-02 -3.088217000000000212e+00 9.801571200080695379e-01 -1.959967516819562938e-01 2.961913954875333710e-02 1.740374800000000022e+01 -2.612833107621913634e-02 2.037282877344522708e-02 9.994509783690941340e-01 5.505550000000000166e-01
-1.951696034972805194e-01 -9.805862791262878186e-01 1.895719019201993344e-02 -3.247682999999999875e+00 9.805821319498091437e-01 -1.947180516151628682e-01 2.331443492692876485e-02 1.823534599999999983e+01 -1.917050785664084489e-02 2.313935099472075319e-02 9.995484290738801958e-01 5.457239999999999869e-01
-1.939469452200266453e-01 -9.807626919082442774e-01 2.211616152757568676e-02 -3.412726999999999844e+00 9.809258740306349145e-01 -1.935818679116571017e-01 1.762072850559914111e-02 1.908468999999999838e+01 -1.300046526299171619e-02 2.511180154285229393e-02 9.996001127081860504e-01 5.371979999999999533e-01
-1.932692622820356698e-01 -9.809587444197611639e-01 1.915552148502416147e-02 -3.607581999999999844e+00 9.810746469649016532e-01 -1.929833702780228144e-01 1.580999300534557950e-02 1.996514900000000026e+01 -1.181225379219596680e-02 2.184858216317595719e-02 9.996915074750848396e-01 5.322179999999999689e-01
-1.933498413570335916e-01 -9.809880592505093588e-01 1.668132054512282830e-02 -3.793683000000000138e+00 9.810492837010125200e-01 -1.930880909254119038e-01 1.610254925501070425e-02 2.090078700000000111e+01 -1.257544420448606856e-02 1.947862291587987640e-02 9.997311845953195109e-01 5.482839999999999936e-01
-1.932736799614821477e-01 -9.810160431092910249e-01 1.589993070224300642e-02 -4.011371999999999716e+00 9.810691608774989581e-01 -1.930320505374722995e-01 1.555406829156302621e-02 2.181550400000000067e+01 -1.218959430278317331e-02 1.860512368914251854e-02 9.997526009784846179e-01 5.506029999999999536e-01
-1.928593760610841645e-01 -9.811068436221843658e-01 1.531739086933098584e-02 -4.191970999999999670e+00 9.811704700718297811e-01 -1.926582014951178090e-01 1.368671091573975263e-02 2.280559500000000028e+01 -1.047710476962767853e-02 1.766858212707343723e-02 9.997890034808670778e-01 5.343869999999999454e-01
-1.940749432459651924e-01 -9.809255221873502961e-01 1.095610905156012282e-02 -4.377292999999999878e+00 9.809410290968612056e-01 -1.939460281501516059e-01 1.181675078741326046e-02 2.373489199999999855e+01 -9.466458602171125974e-03 1.304063212635376418e-02 9.998701556078560815e-01 5.232719999999999594e-01
-1.945752778564104890e-01 -9.808528710455550748e-01 8.252672827170326117e-03 -4.559613999999999834e+00 9.808469413981699692e-01 -1.944837350041517254e-01 1.074031511128072450e-02 2.466571799999999826e+01 -8.929658277638303013e-03 1.018440869793265507e-02 9.999082653036317492e-01 5.156739999999999657e-01
-1.947932162914987053e-01 -9.808203522365979143e-01 6.858536672578310900e-03 -4.748384999999999856e+00 9.808026040947803725e-01 -1.947156682510351455e-01 1.058585558421499401e-02 2.559570300000000032e+01 -9.047358051410190477e-03 8.788923485190922730e-03 9.999204469037830112e-01 5.153309999999999835e-01
-1.946812317828990890e-01 -9.808363676503956130e-01 7.696615221738234945e-03 -4.957317999999999891e+00 9.808199684525565898e-01 -1.945895061438664975e-01 1.127446599234136447e-02 2.658082800000000034e+01 -9.560725716148608250e-03 9.743920826060179993e-03 9.999068199240946919e-01 5.153729999999999700e-01
-1.948193147408702197e-01 -9.808110950869043387e-01 7.418244962620740117e-03 -5.186268000000000100e+00 9.807822084517091588e-01 -1.947209402458786043e-01 1.224806165681382140e-02 2.754316499999999834e+01 -1.056854713221572206e-02 9.661841656159334338e-03 9.998974720576732089e-01 5.147669999999999746e-01
-1.945104055235268303e-01 -9.808875055483614602e-01 5.040198625706296745e-03 -5.389349000000000167e+00 9.808159374933422825e-01 -1.944236273243178381e-01 1.412621311997766353e-02 2.851695300000000088e+01 -1.287629225085456554e-02 7.691202582703395366e-03 9.998875169241300265e-01 5.259049999999999558e-01
-1.951498503802623352e-01 -9.807659354804030283e-01 3.836104509891770202e-03 -5.582870999999999917e+00 9.806700464706015197e-01 -1.950709941030966954e-01 1.528290597293913838e-02 2.949887700000000024e+01 -1.424064085318073325e-02 6.744409601976340124e-03 9.998758508370984011e-01 5.101179999999999604e-01
-1.956423096489857683e-01 -9.806639382822055495e-01 4.725127304607319376e-03 -5.777974999999999639e+00 9.805681524080880340e-01 -1.955474287264348243e-01 1.572582593914066337e-02 3.047958799999999968e+01 -1.449776390339711611e-02 7.709946258843219935e-03 9.998651766965820364e-01 5.005110000000000392e-01
-1.961703843515395507e-01 -9.805569089107785130e-01 5.032761737721182065e-03 -5.974287000000000347e+00 9.804793969137440834e-01 -1.960800083683081896e-01 1.458706776377373393e-02 3.147631300000000110e+01 -1.331662611286996145e-02 7.796069883192876561e-03 9.998809372937091933e-01 5.057989999999999986e-01
-1.958526589125058059e-01 -9.806202985896833590e-01 5.056282308371407019e-03 -6.155808999999999642e+00 9.805440744011461041e-01 -1.957626615295844363e-01 1.450167258122240718e-02 3.247407499999999914e+01 -1.323080321451640395e-02 7.798098789683922255e-03 9.998820607959546525e-01 4.920470000000000121e-01
-1.962394649257528378e-01 -9.805445561848189495e-01 4.737693739665565194e-03 -6.384224999999999817e+00 9.804321219170903934e-01 -1.961355827144422026e-01 1.684302545322114222e-02 3.349434300000000064e+01 -1.558610659548646110e-02 7.950253428844575310e-03 9.998469216593164344e-01 4.825880000000000170e-01
-1.970033515978997229e-01 -9.803914170452099341e-01 4.727456322317526508e-03 -6.616852999999999874e+00 9.802260243016303054e-01 -1.968739687763247925e-01 1.993945084696324699e-02 3.456144700000000114e+01 -1.861775338256622947e-02 8.562114361758257908e-03 9.997900126809839971e-01 4.584810000000000274e-01
-1.981936348299453421e-01 -9.801544529135370887e-01 4.065900473364804715e-03 -6.800575000000000259e+00 9.799412694749627395e-01 -1.980589115154853808e-01 2.208565029832589011e-02 3.559368500000000068e+01 -2.084206066331038137e-02 8.361578981636228619e-03 9.997478144533453737e-01 4.450100000000000167e-01
-1.985837972496037329e-01 -9.800755276560106921e-01 4.054079392498632917e-03 -7.006927000000000127e+00 9.798422837735747404e-01 -1.984412942256985612e-01 2.302502281031518216e-02 3.662138399999999905e+01 -2.176176461857017366e-02 8.544754871976374677e-03 9.997266690275216083e-01 4.405109999999999859e-01
-1.989082303579682298e-01 -9.800015622310792596e-01 5.696834252922952993e-03 -7.216779999999999973e+00 9.797874747433873432e-01 -1.987319493148091976e-01 2.284987215526500942e-02 3.766485600000000034e+01 -2.126076743293339733e-02 1.012671448101259107e-02 9.997226762567620328e-01 4.393389999999999795e-01
-1.994201652575368078e-01 -9.798981729529621099e-01 5.582860566371770916e-03 -7.446359000000000172e+00 9.797024037791450812e-01 -1.992554394469280288e-01 2.191962317596961307e-02 3.872114200000000039e+01 -2.036658336642669515e-02 9.840756792973014491e-03 9.997441481637789895e-01 4.308899999999999952e-01
-2.000079336047445588e-01 -9.797819330229912138e-01 4.918355100120420757e-03 -7.670923000000000158e+00 9.795819533481252561e-01 -1.998575736989950391e-01 2.182079076985943278e-02 3.978294400000000053e+01 -2.039664604368297482e-02 9.182263167736744169e-03 9.997498001366578180e-01 4.207370000000000276e-01
-2.006054691274496982e-01 -9.796617255012725067e-01 4.511024720085991466e-03 -7.881101000000000134e+00 9.794229411178578815e-01 -2.004484749503682162e-01 2.347575988369432487e-02 4.085054399999999930e+01 -2.209407540950888288e-02 9.127566923393845913e-03 9.997142288443522373e-01 4.016129999999999978e-01
-2.014755382057171751e-01 -9.794802014984148597e-01 5.112961699549450553e-03 -8.098437000000000552e+00 9.791856935817565555e-01 -2.012786060088441742e-01 2.612087762596724053e-02 4.192986299999999744e+01 -2.455575267693590330e-02 1.026925682612771576e-02 9.996457159287525096e-01 3.909790000000000210e-01
-2.019918551907599058e-01 -9.793672918208584655e-01 6.244849723818717002e-03 -8.336686000000000263e+00 9.790605842914172907e-01 -2.017557275751490353e-01 2.711085903417991341e-02 4.298130799999999851e+01 -2.529155439161531738e-02 1.159025893154321321e-02 9.996129266742981301e-01 3.724239999999999773e-01
-2.024317502331637320e-01 -9.792678370141087996e-01 7.475953935588981747e-03 -8.577279000000000764e+00 9.790095227980251114e-01 -2.021817986682337143e-01 2.574635038333263418e-02 4.402689000000000163e+01 -2.370107103743527774e-02 1.253090886515529148e-02 9.996405531763362662e-01 3.781939999999999746e-01
-2.023127445210826103e-01 -9.793021144515012821e-01 6.076350480807540810e-03 -8.795253000000000654e+00 9.791282037246229475e-01 -2.021459289761585731e-01 2.109464551393953544e-02 4.505409600000000125e+01 -1.942972144267829729e-02 1.021724176009878790e-02 9.997590179115544151e-01 3.736220000000000097e-01
-2.020897103846911458e-01 -9.793591724617842775e-01 3.919218238486787964e-03 -9.007607000000000141e+00 9.791957741117105485e-01 -2.019779267468465589e-01 1.950776944742055666e-02 4.609236899999999792e+01 -1.831351736832308522e-02 7.780001414828350420e-03 9.998020237324913850e-01 3.598939999999999917e-01
-2.021591419329892281e-01 -9.793519110593905674e-01 1.231112194967239754e-03 -9.222338000000000591e+00 9.791452390719287413e-01 -2.020902888405011755e-01 2.083544957849519513e-02 4.716062199999999649e+01 -2.015644154340485300e-02 5.417514253042220868e-03 9.997821604747832991e-01 3.646639999999999882e-01
-2.020368730641957100e-01 -9.793770834480916010e-01 -1.276847348779674637e-03 -9.433028999999999442e+00 9.791236761402749567e-01 -2.020139585302336283e-01 2.252082104407516355e-02 4.822603999999999758e+01 -2.231431701836855686e-02 3.299844792576162381e-03 9.997455587700045943e-01 3.552460000000000062e-01
-2.019448299914990974e-01 -9.793965477862930369e-01 8.293515518502068973e-04 -9.654130999999999574e+00 9.791086067108730751e-01 -2.018647690445481979e-01 2.443258650418583811e-02 4.930912399999999707e+01 -2.376177401621859531e-02 5.746059770245953366e-03 9.997011357864504788e-01 3.289960000000000107e-01
-2.015934280869491335e-01 -9.794672264393681216e-01 2.010493303592887290e-03 -9.873110999999999748e+00 9.791753612786472383e-01 -2.014822246010784523e-01 2.491033991400733172e-02 5.038768799999999715e+01 -2.399378288188117742e-02 6.990386324969760645e-03 9.996876676652787230e-01 3.239429999999999810e-01
-2.015042645675725330e-01 -9.794786800910328939e-01 4.188867174913233835e-03 -1.011106599999999922e+01 9.792286598568218370e-01 -2.013508078558563508e-01 2.385547926171506516e-02 5.143027500000000174e+01 -2.252250155053402841e-02 8.908839594547399154e-03 9.997066417209524714e-01 3.196629999999999749e-01
-2.010656483618488144e-01 -9.795682832934794471e-01 4.310848442513382645e-03 -1.033253799999999956e+01 9.793644140312737223e-01 -2.009280660038341715e-01 2.175446669395134786e-02 5.249331300000000056e+01 -2.044381515296924551e-02 8.595967509465328796e-03 9.997540496364930585e-01 3.121650000000000258e-01
-2.009825161698161056e-01 -9.795800803872252160e-01 5.375342092123713139e-03 -1.055499900000000046e+01 9.794323441698775667e-01 -2.008462140552410569e-01 1.931531758929111789e-02 5.351952699999999652e+01 -1.784128324836774943e-02 9.146825035718571251e-03 9.997989918997804981e-01 3.079640000000000155e-01
-2.005226974966776154e-01 -9.796627615176304316e-01 7.177846773660595536e-03 -1.077460800000000063e+01 9.795747011574585938e-01 -2.003819678415424965e-01 1.674729280290872951e-02 5.454732099999999662e+01 -1.496838805387072646e-02 1.038944943686856068e-02 9.998339895700022462e-01 3.083130000000000037e-01
-2.001191458431799131e-01 -9.797411487993511470e-01 7.720674602886337494e-03 -1.099158700000000088e+01 9.796868312306946658e-01 -1.999919888940034918e-01 1.472810549191332086e-02 5.557900999999999669e+01 -1.288565792485052777e-02 1.051121912759496110e-02 9.998617274865037041e-01 3.146050000000000235e-01
-1.992918174833218092e-01 -9.799032037355912550e-01 8.513682688362091133e-03 -1.121868699999999919e+01 9.798235319678008093e-01 -1.991265204733432270e-01 1.716027524030029269e-02 5.670010400000000317e+01 -1.512010867480712006e-02 1.176180908291756325e-02 9.998165042450335438e-01 3.226350000000000051e-01
-1.995872375686031930e-01 -9.798636639538663706e-01 5.668744361683989048e-03 -1.142835900000000038e+01 9.796888481836757423e-01 -1.994306683740013630e-01 2.090859288525637877e-02 5.779339999999999833e+01 -1.935704895577506843e-02 9.726693929760768173e-03 9.997653205032271950e-01 3.196579999999999977e-01
-2.000108240853426533e-01 -9.797701523710757865e-01 6.791080286748402486e-03 -1.164188900000000082e+01 9.794720491676671692e-01 -1.997627808893956969e-01 2.700622651586392572e-02 5.885455699999999979e+01 -2.510328958509177449e-02 1.205321094539698115e-02 9.996121972834829394e-01 2.957890000000000241e-01
-2.003067535364936314e-01 -9.796622273198247743e-01 1.179511977175759507e-02 -1.186045900000000053e+01 9.793580131720285298e-01 -1.998823665144794370e-01 3.008191470481916610e-02 5.990598299999999909e+01 -2.711247910846750070e-02 1.757725573947866923e-02 9.994778404533348759e-01 2.735060000000000269e-01
-2.000693743461782192e-01 -9.796487371404783984e-01 1.614302536064704183e-02 -1.207110899999999987e+01 9.794335639207175648e-01 -1.995319304246393477e-01 2.994833228375473264e-02 6.096047599999999989e+01 -2.611779688813993180e-02 2.180276496416332435e-02 9.994210824900719992e-01 2.656020000000000048e-01
-1.994361600894040132e-01 -9.797113782395124870e-01 1.976950674215711967e-02 -1.228019300000000058e+01 9.796210346041483996e-01 -1.988459895414278478e-01 2.833550783712929927e-02 6.201317600000000141e+01 -2.382953230534028827e-02 2.501774952558593473e-02 9.994029545677677318e-01 2.617860000000000187e-01
-1.993960397508381943e-01 -9.797239327715571156e-01 1.955082827696232040e-02 -1.250281900000000057e+01 9.797102912755352166e-01 -1.989021483264028500e-01 2.461057821237356766e-02 6.307062499999999972e+01 -2.022287072816024434e-02 2.406139949742628140e-02 9.995059202194539472e-01 2.659830000000000250e-01
-1.996376984526349041e-01 -9.796946242805731897e-01 1.852653535555785769e-02 -1.274896400000000085e+01 9.797513544349735204e-01 -1.992839406472123320e-01 1.931824223247529185e-02 6.415515899999999760e+01 -1.523393709351051478e-02 2.200804752503710340e-02 9.996417223209356218e-01 2.638019999999999810e-01
-1.992110039840310209e-01 -9.798214685161056314e-01 1.627469589935467628e-02 -1.299391699999999972e+01 9.798781991570723049e-01 -1.989574917482117566e-01 1.595717061239080095e-02 6.523734299999999564e+01 -1.239720566769428496e-02 1.912606368812749466e-02 9.997402177463056150e-01 2.600469999999999726e-01
-1.976512073866439900e-01 -9.802062388795262926e-01 1.138988499742963137e-02 -1.322339400000000076e+01 9.801307653112385498e-01 -1.974117919597311310e-01 1.929422933556889513e-02 6.630906699999999887e+01 -1.666382636153916977e-02 1.497710442310769968e-02 9.997489701090428449e-01 2.360649999999999971e-01
-1.970054823542107814e-01 -9.803609289502673851e-01 9.016036277281039985e-03 -1.344172099999999936e+01 9.802100557457745778e-01 -1.967763563797451098e-01 2.161740467254993220e-02 6.737488600000000361e+01 -1.941871615864394079e-02 1.309635665672144456e-02 9.997256618218169910e-01 2.372509999999999897e-01
-1.970964940634980511e-01 -9.803361681685175411e-01 9.693781952660331103e-03 -1.367527800000000049e+01 9.801762485430131067e-01 -1.968414835210434699e-01 2.253779397768325768e-02 6.845209499999999991e+01 -2.018647616656231783e-02 1.394373500547935532e-02 9.996989939147051807e-01 2.348639999999999894e-01
-1.979347012117541604e-01 -9.801586930140158138e-01 1.052570972762132198e-02 -1.385885000000000034e+01 9.799975928556627913e-01 -1.976530902765708531e-01 2.319426440369232872e-02 6.951972200000000157e+01 -2.065362082832606500e-02 1.490611999073759159e-02 9.996755651377609020e-01 2.256960000000000077e-01
-1.987216314837054743e-01 -9.799929886143370350e-01 1.111105067914316610e-02 -1.404662300000000030e+01 9.798195924900643394e-01 -1.984119470998335633e-01 2.421291846632950620e-02 7.058707400000000121e+01 -2.152392513131979809e-02 1.569845580918544439e-02 9.996450765807574079e-01 2.163400000000000045e-01
-1.987086140556115765e-01 -9.799911313101689059e-01 1.150083707881859735e-02 -1.427072199999999924e+01 9.797653860962111105e-01 -1.983484474103971440e-01 2.678958039289636855e-02 7.167372899999999447e+01 -2.397237801805563590e-02 1.659144247196214089e-02 9.995749342239725888e-01 2.091590000000000116e-01
-1.990331864980926513e-01 -9.799167195140748854e-01 1.220710814195171551e-02 -1.449756299999999953e+01 9.796597042991764814e-01 -1.986253898793871597e-01 2.854502176757452853e-02 7.273864700000000028e+01 -2.554710247494448860e-02 1.764021859375027035e-02 9.995179679440981957e-01 1.952119999999999966e-01
-1.999879174431089535e-01 -9.797100692691380619e-01 1.315344249345602387e-02 -1.469772200000000062e+01 9.794695864592910528e-01 -1.995550474241843952e-01 2.858517533261970348e-02 7.378361499999999751e+01 -2.538034826461841101e-02 1.860008656409818315e-02 9.995048147466697452e-01 1.948979999999999879e-01
-2.009641392536165583e-01 -9.794934999730932068e-01 1.434915483619193279e-02 -1.490499800000000086e+01 9.793253731598053902e-01 -2.005405932189100460e-01 2.655718277256824758e-02 7.482508900000000551e+01 -2.313499988028808879e-02 1.938953279137164629e-02 9.995443050704012622e-01 1.988590000000000080e-01
-2.013829180994795021e-01 -9.794209007041140280e-01 1.340222226650665191e-02 -1.512972800000000007e+01 9.792934066078765598e-01 -2.010295664747562272e-01 2.390684373379411282e-02 7.586815599999999904e+01 -2.072061949071097794e-02 1.793913785314293907e-02 9.996243510744459160e-01 1.858980000000000077e-01
-2.017069125390046347e-01 -9.793796890536280442e-01 1.139061469814369593e-02 -1.535788200000000003e+01 9.792353944231008134e-01 -2.014088016786867996e-01 2.307676137134648253e-02 7.691122400000000425e+01 -2.030674131949733452e-02 1.580883536427197394e-02 9.996688036451913950e-01 1.730029999999999901e-01
-2.021132920744157513e-01 -9.793194746577367216e-01 9.142413408726238894e-03 -1.558265399999999978e+01 9.790739129415684250e-01 -2.018185385746045224e-01 2.614479842906982515e-02 7.797183200000000625e+01 -2.375900174939508600e-02 1.423530975093238032e-02 9.996163593059925745e-01 1.519399999999999917e-01
-2.030720268643755322e-01 -9.791387012023723413e-01 7.011113529660741722e-03 -1.581069399999999980e+01 9.787650239905264504e-01 -2.027797852286504776e-01 2.998977351442943390e-02 7.905383299999999736e+01 -2.794243579251344881e-02 1.295231679483745124e-02 9.995256163658975401e-01 1.398429999999999951e-01
-2.030986577887470279e-01 -9.791373813266154302e-01 6.397162907695173872e-03 -1.601930000000000121e+01 9.787035487211103169e-01 -2.028009142388782493e-01 3.179863054567633879e-02 8.009243800000000135e+01 -2.983787735605043095e-02 1.271918522285544161e-02 9.994738232701003700e-01 1.365709999999999980e-01
-2.034051684444858621e-01 -9.790699774643413233e-01 6.951019928354175773e-03 -1.623039199999999838e+01 9.786479457293920659e-01 -2.030928110927106012e-01 3.164661754597859755e-02 8.113565800000000650e+01 -2.957255095035299375e-02 1.323968694624587730e-02 9.994749496209768269e-01 1.235060000000000047e-01
-2.042200160472859016e-01 -9.788954661334351437e-01 7.606012690690121952e-03 -1.645079399999999836e+01 9.785302156083629521e-01 -2.039108483049598686e-01 2.998304662642652801e-02 8.216946400000000494e+01 -2.779931990349940665e-02 1.356585150133629569e-02 9.995214682466538880e-01 1.201860000000000012e-01
-2.047718741430734068e-01 -9.787743253932695842e-01 8.324632777698581093e-03 -1.667625200000000163e+01 9.784231281560969995e-01 -2.044445810613212400e-01 2.984284778467003255e-02 8.320417799999999886e+01 -2.750748714752851085e-02 1.425598911373996899e-02 9.995199372324783393e-01 1.001159999999999967e-01
-2.056310874024015467e-01 -9.785881579230847338e-01 9.004058329960632281e-03 -1.689037700000000086e+01 9.782277533382063295e-01 -2.052743210103206151e-01 3.054366927264534626e-02 8.418388400000000615e+01 -2.804137108970994330e-02 1.508874767683694197e-02 9.994928770136153329e-01 8.975099999999999745e-02
-2.063374856022334169e-01 -9.784398030939215340e-01 8.966256569864453074e-03 -1.709677100000000038e+01 9.780390892548472825e-01 -2.059603289254537950e-01 3.193560393148079518e-02 8.518994899999999859e+01 -2.940037287004423905e-02 1.535886162602605881e-02 9.994497103129575954e-01 9.592599999999999738e-02
-2.066585071647616401e-01 -9.783685107927864166e-01 9.344437143947394511e-03 -1.731889899999999827e+01 9.779000603286938098e-01 -2.062314605711417226e-01 3.435195307155710503e-02 8.618276199999999676e+01 -3.168175224903151815e-02 1.623704898676579106e-02 9.993661115000008754e-01 8.093400000000000594e-02
-2.073341274313292848e-01 -9.782155620531540752e-01 1.033797655836651147e-02 -1.753409800000000018e+01 9.777005355094743333e-01 -2.068412432872025475e-01 3.630926796138177204e-02 8.716332199999999375e+01 -3.337997104217516747e-02 1.763559560764274212e-02 9.992871275568335765e-01 6.655600000000000405e-02
-2.091782371593917667e-01 -9.778143534311101170e-01 1.111554420569477349e-02 -1.775045400000000129e+01 9.773026856700954834e-01 -2.086520652780271545e-01 3.665755361766317305e-02 8.809344500000000266e+01 -3.352500083381414892e-02 1.853121364922884901e-02 9.992660648895165254e-01 5.011899999999999689e-02
-2.119476626000484920e-01 -9.772017087847034711e-01 1.245024765340107739e-02 -1.794111399999999890e+01 9.767267903314352795e-01 -2.113812849176098796e-01 3.636934747052909117e-02 8.899936700000000656e+01 -3.290843914906728396e-02 1.986888861600556028e-02 9.992608577833602679e-01 4.754699999999999899e-02
-2.152656254826372795e-01 -9.764737563917310625e-01 1.263778318341471016e-02 -1.813810199999999995e+01 9.760251971500056856e-01 -2.147042654248435545e-01 3.573363872698166743e-02 8.989180000000000348e+01 -3.217957448228732364e-02 2.002701891446567392e-02 9.992814385845153469e-01 3.452199999999999713e-02
-2.186612448546896292e-01 -9.757225881001361234e-01 1.235682280238595797e-02 -1.833263000000000176e+01 9.752767806212587764e-01 -2.181113289007682310e-01 3.553377810160487232e-02 9.078121899999999300e+01 -3.197594689185413036e-02 1.982118251550556848e-02 9.992920791960958615e-01 1.971399999999999889e-02
-2.223079912965602034e-01 -9.749080172826954938e-01 1.155486233634920624e-02 -1.853318000000000154e+01 9.744128407567015371e-01 -2.217609368669293257e-01 3.662925945684455259e-02 9.162175000000000580e+01 -3.314774161452855444e-02 1.940218332624629033e-02 9.992621190198451853e-01 1.165599999999999969e-02
-2.246732699015262513e-01 -9.743667798100248412e-01 1.145862969114811239e-02 -1.872110400000000041e+01 9.738346220565767819e-01 -2.241070741138482258e-01 3.771138045809117184e-02 9.243454699999999491e+01 -3.417675636570371989e-02 1.963154947458534139e-02 9.992229739100008112e-01 5.244000000000000397e-03
-2.273126280799286913e-01 -9.737490371000521172e-01 1.190721890775290996e-02 -1.891029500000000141e+01 9.731730221440650919e-01 -2.266979318971307222e-01 3.927233943312809228e-02 9.324798599999999738e+01 -3.554206080664090023e-02 2.051488289718021371e-02 9.991575959243526039e-01 -5.224999999999999610e-03
-2.299863326901174787e-01 -9.731143973516370727e-01 1.243609435114017593e-02 -1.910157200000000088e+01 9.725008559911235695e-01 -2.293216375582390887e-01 4.066536172394342313e-02 9.405459600000000364e+01 -3.672018344564930564e-02 2.144658981207703263e-02 9.990954268302655317e-01 -2.414799999999999933e-02
-2.325011652192340295e-01 -9.725424442938586100e-01 1.021774038747154389e-02 -1.929028900000000135e+01 9.718811289727231628e-01 -2.319146694373070972e-01 4.077569431033494646e-02 9.478537799999999436e+01 -3.728644952799563955e-02 1.941082550310219146e-02 9.991160796098140784e-01 -2.234500000000000028e-02
-2.345602012773043699e-01 -9.720536853062230476e-01 9.651158445518639301e-03 -1.946678899999999857e+01 9.714105166192551488e-01 -2.340076028394070251e-01 4.002561698294891668e-02 9.549008200000000102e+01 -3.664860404247173575e-02 1.876365358730434571e-02 9.991520430474001291e-01 -3.815500000000000141e-02
-2.373756803488912270e-01 -9.713750812565724591e-01 9.123480294717729172e-03 -1.965690999999999988e+01 9.708281895677082218e-01 -2.368938972480327809e-01 3.706626211697554296e-02 9.618480700000000638e+01 -3.384394657227321468e-02 1.765596104508487460e-02 9.992711615572559269e-01 -4.185200000000000031e-02
-2.405116456656253288e-01 -9.706127040205677625e-01 8.070135878286617895e-03 -1.983678600000000003e+01 9.701950710860142157e-01 -2.401380686663874275e-01 3.248433495672947008e-02 9.682735399999999970e+01 -2.959176134697397847e-02 1.564246691090449143e-02 9.994396634561413251e-01 -5.068899999999999795e-02
-2.424450066199339560e-01 -9.701531528767147750e-01 4.824803460247948164e-03 -1.998422400000000110e+01 9.697908275659373745e-01 -2.422103299655442576e-01 2.898114606009233665e-02 9.743349499999999352e+01 -2.694753298605360309e-02 1.170538428894921448e-02 9.995683140459252769e-01 -4.907299999999999857e-02
-2.439208734643388832e-01 -9.697917816337495722e-01 2.551031954193448692e-03 -2.013692299999999946e+01 9.694711428982072388e-01 -2.437705498575704066e-01 2.648815036542062976e-02 9.803261600000000442e+01 -2.506612407288596328e-02 8.934164637789922953e-03 9.996458723599009888e-01 -5.139599999999999724e-02
-2.428545182800480040e-01 -9.700626458170406030e-01 3.822844602662384128e-04 -2.026535000000000153e+01 9.697215450881945253e-01 -2.427586353608343073e-01 2.661522026040711100e-02 9.860630799999999851e+01 -2.572562813091994194e-02 6.834335972731125225e-03 9.996456791829200217e-01 -5.444299999999999834e-02
-2.399413183884430145e-01 -9.707845510336180483e-01 -2.349298719277057718e-03 -2.040915899999999894e+01 9.704117113635165603e-01 -2.399150804936590609e-01 2.723719148979756449e-02 9.911612700000000586e+01 -2.700507690317881584e-02 4.255540644582738244e-03 9.996262382487144382e-01 -6.115600000000000203e-02
-2.366513091822692871e-01 -9.715819156803866541e-01 -4.973830028048771904e-03 -2.054957200000000128e+01 9.711702703635203271e-01 -2.366961329142215353e-01 2.834160590898321397e-02 9.962279499999999643e+01 -2.871347809592025846e-02 1.876642289606499786e-03 9.995859214641590329e-01 -6.726200000000000234e-02
-2.291018290828994441e-01 -9.733826283263117274e-01 -6.213757593580783792e-03 -2.065469699999999875e+01 9.729234389802591254e-01 -2.291846617870900715e-01 2.990606434092961396e-02 1.001179659999999956e+02 -3.053414144358162358e-02 8.060236342415285499e-04 9.995333994080459750e-01 -8.010599999999999665e-02
-2.203783007447788211e-01 -9.753901511090659060e-01 -6.888953496539541865e-03 -2.075528699999999915e+01 9.748658122664763948e-01 -2.204856979526077509e-01 3.197976035518022148e-02 1.006103520000000060e+02 -3.271165900511852770e-02 3.318399992298590173e-04 9.994647753909828847e-01 -9.609099999999999586e-02
-2.084712046798662399e-01 -9.780109791966393740e-01 -5.855031183161609268e-03 -2.086636000000000024e+01 9.773923321020261401e-01 -2.085477589187046954e-01 3.481467216775697288e-02 1.010802460000000025e+02 -3.527018524884547451e-02 1.535194064706500716e-03 9.993766343134583563e-01 -1.076730000000000048e-01
-1.950409200247400499e-01 -9.807849256180017905e-01 -4.468690679992639442e-03 -2.096479400000000126e+01 9.801148684080448481e-01 -1.950732862933831635e-01 3.634910865730467400e-02 1.015408780000000064e+02 -3.652238000711001409e-02 2.709733416822703717e-03 9.993291615395930583e-01 -1.103549999999999948e-01
-1.798576807131611055e-01 -9.836885218581565837e-01 -2.847218466727984704e-03 -2.103137399999999957e+01 9.830150223269542575e-01 -1.798404472663931442e-01 3.659070109414187810e-02 1.019063419999999951e+02 -3.650589771557155583e-02 3.782260109820564931e-03 9.993262800209158359e-01 -1.090710000000000013e-01
-1.621707418674360746e-01 -9.867624164009485277e-01 -7.642386581089948006e-04 -2.108775699999999986e+01 9.861436358073853992e-01 -1.620963805564837878e-01 3.529154242985749895e-02 1.023114319999999964e+02 -3.494824800696359757e-02 4.969606528563930148e-03 9.993767672765837551e-01 -1.046689999999999982e-01
-1.416683677807238917e-01 -9.899141711301824298e-01 8.582534607905201174e-05 -2.114775699999999858e+01 9.894304084348346517e-01 -1.415964243958052204e-01 3.127170386787097439e-02 1.027519300000000015e+02 -3.094415025206467829e-02 4.515129451908477323e-03 9.995109169845070030e-01 -1.091909999999999964e-01
-1.181300482804501506e-01 -9.929974106031379533e-01 1.197592886617776520e-03 -2.118198599999999843e+01 9.926354585375111172e-01 -1.180542248872714639e-01 2.716701014633834954e-02 1.031595540000000000e+02 -2.683538982918298038e-02 4.398013384371518217e-03 9.996301912862509687e-01 -1.163369999999999960e-01
-9.192680209443981898e-02 -9.957628409793877200e-01 2.414038390023690722e-03 -2.119982699999999909e+01 9.954657244079367917e-01 -9.183932383773751873e-02 2.476954028658955725e-02 1.035562440000000066e+02 -2.444288415206969517e-02 4.680077102569074263e-03 9.996902731809701459e-01 -1.259570000000000134e-01
-6.182460799831579479e-02 -9.980700758339112744e-01 5.817350835717795959e-03 -2.118867699999999843e+01 9.977703283984739047e-01 -6.165712327955097383e-02 2.554938191996772301e-02 1.039022290000000055e+02 -2.514139243273348992e-02 7.383960575564533710e-03 9.996566348065528684e-01 -1.241649999999999976e-01
-2.869049549416635703e-02 -9.995581295523838783e-01 7.771815363153786183e-03 -2.121756200000000092e+01 9.992940666407537087e-01 -2.849253448235733455e-02 2.448558464396310974e-02 1.042780989999999974e+02 -2.425332647049116552e-02 8.468832535326683078e-03 9.996699730564104769e-01 -1.270759999999999945e-01
6.677430947951257245e-03 -9.999251006894459559e-01 1.025694531215672750e-02 -2.121294200000000174e+01 9.996918135542801620e-01 6.920425575077104874e-03 2.384083938148896797e-02 1.046528090000000049e+02 -2.391003614571668434e-02 1.009458870192594254e-02 9.996631479905866424e-01 -1.291219999999999868e-01
4.541764339362253100e-02 -9.988855136268247614e-01 1.284399996278811837e-02 -2.115912399999999849e+01 9.986665652323388764e-01 4.571605595861660820e-02 2.398194559728629438e-02 1.050071109999999948e+02 -2.454239506674718227e-02 1.173766987365909564e-02 9.996298804809331529e-01 -1.198160000000000058e-01
8.528561193357375725e-02 -9.962408011917623929e-01 1.518652158695061628e-02 -2.108469399999999894e+01 9.960411174717788141e-01 8.563220886457290071e-02 2.385827132346672597e-02 1.053594130000000035e+02 -2.506903872680104478e-02 1.309163266247649442e-02 9.995999962242622106e-01 -1.158799999999999969e-01
1.297364669320734132e-01 -9.914452606262765810e-01 1.430888988280065374e-02 -2.107414199999999838e+01 9.912424528171474014e-01 1.300414403497112126e-01 2.297005713572056532e-02 1.057450330000000065e+02 -2.463430293368974386e-02 1.120352504650152722e-02 9.996337490028553985e-01 -1.123210000000000042e-01
1.752380058091514980e-01 -9.844453236041292854e-01 1.261135020500149875e-02 -2.100002299999999877e+01 9.842023344401442664e-01 1.754944900424654231e-01 2.339762482188488535e-02 1.061010590000000064e+02 -2.524690481232215108e-02 8.311967197746850111e-03 9.996466900854026338e-01 -1.004609999999999947e-01
2.215653546720147693e-01 -9.750679829073100047e-01 1.229724839685429269e-02 -2.089610100000000159e+01 9.747753789003147373e-01 2.218110684307610381e-01 2.475501184310042319e-02 1.064423139999999961e+02 -2.686548527036321590e-02 6.502201986548458365e-03 9.996179105390788910e-01 -1.120140000000000025e-01
2.684349208724915448e-01 -9.632126979764699115e-01 1.280592492047671546e-02 -2.076770399999999839e+01 9.628558363463941561e-01 2.686907069147075333e-01 2.671970118396724270e-02 1.067686159999999944e+02 -2.917758848611372649e-02 5.157758676439874734e-03 9.995609365394241275e-01 -1.390979999999999994e-01
3.164711949891128029e-01 -9.484923683215407131e-01 1.442948294143605453e-02 -2.069243200000000016e+01 9.481450126750501362e-01 3.167542657734160327e-01 2.622537042202970764e-02 1.070974350000000044e+02 -2.944516397630525528e-02 5.381667969910443328e-03 9.995519095916279850e-01 -1.364569999999999950e-01
3.635099546803629567e-01 -9.314733627821231154e-01 1.476100523825226926e-02 -2.055309700000000106e+01 9.311630005442829150e-01 3.637774642422922922e-01 2.452392559961993901e-02 1.074024050000000017e+02 -2.821310450213518686e-02 4.830210845398421118e-03 9.995902609557281160e-01 -1.400730000000000031e-01
